16 20
56 54 51 51 49 47 45 44 42 40 39 36 34 33 28 27 26 22 16 10
53 52 50 48 46 45 41 41 41 39 39 35 33 33 28 27 26 22 15 10
49 47 45 45 44 43 41 41 39 38 37 35 33 32 28 26 24 21 15 10
45 41 40 40 40 38 36 34 34 34 33 32 31 31 28 25 24 19 13 10
45 40 40 38 38 37 34 34 32 31 31 29 29 29 27 25 23 17 12  9
44 39 37 36 36 36 34 34 32 30 30 28 28 27 27 25 22 15 11  7
43 39 37 35 34 34 31 31 30 29 27 25 25 25 23 23 21 14 11  7
41 39 37 35 33 32 31 31 28 26 26 25 25 23 21 19 19 14 11  5
37 36 35 33 32 30 30 30 28 26 24 23 21 20 19 18 17 13  9  4
35 33 32 32 31 30 26 26 24 24 21 20 20 20 18 16 16 12  9  4
34 32 31 31 29 28 25 24 22 22 20 18 18 16 16 14 14 10  7  4
33 31 31 30 28 26 25 24 21 18 18 17 13 13 12 12 12  9  7  2
29 28 28 27 27 25 23 23 19 18 18 15 13 13 11 11 10  6  6  2
29 27 26 25 23 22 21 21 18 18 16 13 12  9  9  8  8  5  4  2
25 25 25 24 23 21 20 19 18 16 14 13 11  9  7  7  6  4  4  2
22 20 19 18 16 15 15 13 13 12 10  8  7  6  6  4  4  2  2  1
3
3 1 1
5 3 3
9 8 3
