17 18
31 28 28 26 26 24 22 21 20 19 19 18 17 15 12 12 11  9
30 28 27 25 25 24 22 21 20 19 17 16 16 15 11 11 10  8
29 27 26 25 24 23 22 21 19 19 16 16 15 14 10  9  9  7
28 27 26 25 24 21 21 20 18 18 16 16 14 14  9  9  9  6
26 25 24 24 23 20 19 19 17 17 16 15 14 14  9  9  8  5
25 24 23 23 22 19 18 18 16 15 13 13 13 13  9  8  7  5
24 23 23 22 21 19 18 17 16 14 13 13 12 12  9  8  7  5
24 23 22 21 20 18 18 17 16 14 13 13 12 11  8  7  6  5
23 22 22 21 19 18 17 17 15 14 13 11 10 10  7  6  6  5
22 21 20 20 19 18 17 16 15 12 12 11 10  9  6  6  5  5
20 19 18 17 17 16 16 14 14 11 11 10 10  9  6  4  4  4
20 19 18 17 16 15 15 14 13 11 10 10  9  8  5  3  3  3
16 15 14 13 12 12 12 12 12 11 10  9  8  7  4  3  2  2
14 12 12 12 11 11 11 11 10  9  9  8  7  6  4  3  2  2
13 12 12 11 10 10  9  9  9  8  8  7  6  5  4  2  1  1
12 11 11 10  9  8  7  6  5  5  4  4  4  3  3  1  1  0
 8  7  6  5  4  3  3  3  2  2  2  2  2  2  2  1  1  0
3
3 1 3
3 7 3
5 8 3
