7500 6169
434 4114
4797 3963
2208 1727
3077 5023
7193 7136
5869 909
4726 4453
6184 2157
7049 687
261 1566
5795 4140
3185 4277
4265 5397
4911 7139
6935 3288
451 7346
4459 311
5427 6919
2850 6792
1726 97
80 1361
5034 3390
4074 2711
3152 1408
5747 1007
2849 5753
4851 577
6555 5382
7018 4135
4298 3486
5694 2213
2818 5137
5346 135
2048 937
6223 3522
6171 3597
6153 3618
3195 2877
5335 4630
2775 3728
6166 1699
4234 7387
4018 5934
3662 4349
2811 4985
4045 2036
4753 7445
5273 3883
2080 6296
3434 5952
1414 490
5806 5042
4537 2542
5520 2354
1113 2369
6568 3437
914 6388
3693 2838
5664 5373
4895 6964
7200 7294
2466 4905
5103 1347
2595 2215
1072 5905
4440 1736
6376 6767
4031 1168
3610 7406
5534 331
3126 3444
4287 4524
1969 7152
554 6913
1833 6636
3548 5180
3040 2249
4300 6584
1479 2674
4677 2725
461 2932
1142 784
3606 6720
1852 5623
6441 1575
4037 863
2888 2696
3290 7447
5193 6907
5458 3880
2495 1664
3287 995
2648 6341
4990 6189
2657 4820
4681 836
7364 7462
4279 7124
6698 5898
2341 357
7173 6929
5007 2694
2128 2562
4070 3318
880 402
3120 2776
2910 1338
1931 5178
2171 2761
3336 2292
7237 878
1498 7432
6134 860
3388 603
2246 602
5588 1696
7451 4092
1936 5399
7333 4847
4332 3765
5319 5591
2762 5640
2547 2499
4944 3809
1536 4425
6089 5211
2432 4501
6588 4721
1179 5251
4115 5781
7094 818
2926 5052
4353 73
2005 1236
2254 5582
5536 2246
1644 2329
1248 4912
204 2150
1945 1274
4189 1074
6062 6871
57 5454
759 351
2953 5067
5594 3200
704 5851
1135 6966
3294 4402
5136 4801
4281 5479
1375 6297
4631 6176
7394 4859
3770 363
1297 6395
1527 5134
4627 2501
616 120
50 1232
4125 4676
3291 6873
3387 1071
1856 1983
4172 2634
210 2292
4482 2966
2188 5229
4158 3066
6150 6069
1580 7048
1715 6139
1820 2332
2673 4311
957 5626
5136 6645
630 6952
6960 1481
6083 747
2187 1894
1216 6039
1905 6806
5203 3829
1180 1661
884 1991
2107 2959
3998 137
2992 865
6606 6501
5059 224
3158 3892
7374 9
2083 3257
1556 1501
3370 2835
316 1028
2944 6128
6238 5283
319 4777
2812 4606
6708 62
1962 6336
652 4881
2654 2097
5230 1317
1018 6719
2550 6152
156 712
5864 3511
2283 1705
1998 5511
5008 4936
119 4878
7428 1801
6743 5572
4352 3120
6976 394
4857 3197
1625 2689
7219 3987
1322 4007
5332 7008
2224 3106
2194 3576
5275 2079
3362 7242
5863 4002
6536 5416
2956 1147
4610 5711
857 6051
4344 6349
693 881
3286 4689
5176 2553
5184 7366
3058 7241
3838 6764
3936 985
1135 6918
4903 4385
973 2659
2245 3190
368 2840
2759 4767
2528 6091
3631 2223
6967 6725
5079 5266
6994 3242
6361 5209
5461 1715
6945 3104
1229 3039
5107 767
602 6140
4648 1698
2473 6124
5156 4828
3601 7166
3458 7245
2132 3515
5244 632
4492 1631
484 2671
6437 686
4059 4459
4950 2251
497 4183
5877 6938
620 6512
2088 4357
6783 6335
5506 2350
6729 6545
3117 4027
488 844
4759 1512
1514 2804
4585 5344
312 1923
3845 486
5054 6264
3633 3209
2458 3666
1293 633
6546 338
3592 7471
140 6472
2706 5305
3113 5009
2888 7376
2178 572
2753 6628
1916 6765
2716 6881
4550 4313
4276 617
5299 3407
858 211
2251 5992
4734 1450
7345 3716
1051 1689
3426 5872
893 7348
4747 4506
5278 2784
4583 2831
1269 5195
1 3397
6596 6414
4395 4107
2062 7343
1737 1307
6298 4924
6951 275
6653 4109
7097 5719
43 6327
1784 7230
1867 5310
4250 4718
2507 212
4763 5322
7240 2390
1756 7194
2462 7334
5812 6286
5647 3583
4987 1176
2631 1586
5949 1767
1800 2640
1914 3307
852 5402
1501 7038
3087 115
5362 3640
896 7086
4307 6376
1604 4975
2018 7230
3199 4588
3836 356
2725 4067
1380 3116
4331 6757
138 7311
6164 5289
3722 2965
3728 3670
4105 238
2287 6474
4360 6225
4920 6524
5137 373
4729 3547
5258 5400
1655 5103
2203 6452
5082 4649
805 4116
5334 2301
2862 2972
4891 1802
2614 6054
6924 4658
1846 5257
2134 5763
3014 51
5204 4005
3639 7402
5258 1285
574 3025
4962 5421
1306 5337
4487 1113
7458 4096
59 3351
7358 2303
5498 5939
3581 2701
5071 5837
6928 4105
2510 653
1579 4110
609 4439
3247 4984
4186 6427
7054 6168
6204 530
613 3558
1672 1770
3561 5766
630 962
825 7352
3232 4773
3016 3266
7496 2243
6760 7477
4989 4294
6700 3700
5232 3900
948 3935
6345 7402
1632 2517
1319 3994
24 329
5749 649
5481 3797
5279 4589
411 6793
4953 412
7445 5389
3261 5847
5824 2063
463 400
2628 517
3927 7423
449 2883
4574 1534
5918 5118
4758 2644
5754 2449
1675 4235
2981 119
4373 1404
3172 1069
2119 4913
7104 6771
328 2877
6428 996
2608 549
3897 5161
3415 1927
3071 5313
1515 4330
5036 7180
843 2289
2258 2768
5959 2456
4728 6264
6808 1169
1301 4565
861 1519
216 6057
7134 1499
1893 6797
5652 3143
4159 2352
6449 3072
474 4019
750 7460
7113 4951
1348 6409
4530 3843
4563 2960
1742 5268
6453 6948
4169 7151
3207 5489
3586 7331
2542 5544
6532 5121
2556 2851
6051 5615
1308 6774
879 3716
5829 3575
5987 4607
2764 5288
718 3319
7448 6159
481 7295
6118 6423
4262 6188
78 3694
6267 2449
5150 6973
5371 7483
3352 6243
1129 2286
888 4207
6105 4439
5488 1053
7175 5510
3170 520
4393 6594
2821 3084
5129 5088
1436 5241
5667 4658
5353 1141
678 7471
3053 4301
346 321
4489 5031
318 1513
2920 1115
4510 1336
3129 1224
7032 7429
1250 6248
3156 832
3746 3898
1896 2110
3710 1859
5833 2373
3970 4101
1401 2726
1821 2814
3156 7374
856 5044
6330 3401
1899 4240
6414 7338
2681 1981
5291 5321
6400 399
7403 390
5709 3734
1792 2202
60 1958
1397 379
4523 5295
5190 6538
767 7299
2407 435
1671 4689
6721 974
3996 3334
3125 317
3732 5876
681 6527
6632 593
6673 3698
6013 5115
381 54
1972 358
2265 7081
6662 6959
5966 4079
151 2029
3313 6736
5490 1536
6412 790
6450 6495
6058 6511
5015 3137
3375 6434
4991 4670
3477 3274
3316 307
5920 6121
1853 4781
4513 7286
6787 1148
4269 5254
976 1940
3359 1139
6500 141
1495 4238
6715 777
4792 1306
2166 1453
5918 2042
4026 7438
5710 1799
1885 4700
5835 7396
360 2817
5504 5579
7064 567
2537 609
5594 5789
1155 6818
707 3243
3166 7261
1779 6914
3504 3024
1101 2660
2893 1828
5888 1935
4838 1184
5501 2843
3519 5553
6203 2668
3790 5783
6169 409
6554 2210
821 3773
2030 4315
5654 3994
2328 392
5529 2
3549 7275
4010 5255
4861 6596
1153 5296
2924 4088
5247 6498
560 4699
1241 1372
3670 3110
6421 1810
364 36
4012 4075
2623 435
3776 4113
2807 7246
4697 5590
5687 278
3671 6596
3342 1693
1485 3250
281 3317
1311 1942
3561 3705
81 421
6599 6054
195 778
766 6334
6531 4628
7353 3122
2395 3677
2754 5173
6652 21
4338 6351
190 4269
5483 5941
5029 3247
2639 1918
5038 275
3871 4609
6245 7062
1846 5925
3932 6404
4955 7115
2075 2778
4359 2596
3349 5607
3935 3555
6623 371
4239 7071
3512 2820
2169 597
3887 5720
4293 4264
5533 290
1144 2678
1753 1825
5895 6822
6899 2987
5911 154
880 2461
2181 5661
4483 1173
5070 733
4627 2538
245 984
7215 3709
837 3291
970 136
2860 5237
6622 4002
6106 1750
1156 4499
4713 6059
6813 1529
207 6272
3723 4368
6882 4273
1449 6841
1289 6308
2016 6878
7432 1339
2127 5405
3795 4589
3095 6043
1611 5687
634 5771
763 7280
2824 7014
3995 3643
1407 4147
6462 3948
4781 4166
6364 5937
6306 6661
4615 1840
4525 1603
6533 1026
6492 2568
6237 4099
1184 5084
6698 3543
3566 457
2745 6208
5935 2292
3769 405
2148 3960
4648 3822
2440 5818
4370 3350
2367 4548
1550 5256
3899 791
6710 5837
7137 6981
3888 6686
6511 7220
2647 2350
2188 952
6832 4637
566 2232
598 2868
2653 7202
2919 4560
1366 829
5618 5105
6440 4458
345 3552
5424 330
477 5135
3477 465
2580 3175
4101 5908
1915 3071
3538 5463
3280 1252
798 5253
3002 5531
6516 6048
7341 3046
7411 1751
5290 7013
5360 7014
2871 6340
6349 4183
5738 1317
2012 3332
2856 2940
7395 2894
4813 5465
3894 5138
892 5296
639 518
2504 6931
2127 4999
6887 2823
1212 1431
2842 2372
1313 2754
5078 3902
364 2313
2801 4313
6952 5884
2884 6395
2908 4861
4917 6026
6704 3853
1291 4941
893 6071
4361 6739
6603 942
289 6060
1814 2544
6206 6552
7386 1049
2456 5493
7025 1843
5724 3878
1104 2687
4987 7096
7277 6992
5163 50
5123 3837
6396 6441
5108 6114
404 1335
2902 2816
5557 5839
7418 6162
4634 6160
1988 497
4929 3230
5427 5625
7313 2275
4501 511
6834 919
3889 6613
7420 1587
3592 7437
1510 1602
5691 5558
4757 3205
558 5139
1360 1875
4925 4642
6506 3905
173 4023
2744 6083
6003 959
5324 1281
5188 5484
3151 2938
2825 4635
5537 1833
7347 300
960 737
147 4133
3113 4109
6535 4804
6567 5564
1338 4034
5141 3465
6923 3731
557 4431
5259 2341
4997 6592
3767 1772
2871 6533
1164 471
6679 7127
5031 3854
3775 7285
6962 7157
17 6776
1702 7000
1167 1917
5546 3059
1462 3751
1954 5175
2462 256
1019 437
1002 1357
865 1091
5167 327
7498 6512
6317 1810
6751 5420
2203 4513
3354 367
4286 4672
2960 4113
4179 4072
4086 5927
63 2916
4436 5428
939 6079
3823 2022
4971 5714
1077 6135
2549 4321
1621 6010
4849 1558
2656 6643
4974 1016
7489 5587
7385 6239
6371 5907
3622 2671
3086 4378
4291 6431
432 2201
4718 755
418 1776
2962 6893
5366 6948
3163 2777
3685 2057
4831 6417
5176 2956
6131 5370
2900 1361
6304 1312
1730 3885
5149 272
282 7441
7359 7072
1061 496
4981 1847
5081 6713
2187 3388
6306 3142
4768 5636
921 1859
2118 6642
1620 3325
4082 6784
1191 1154
1790 1599
5693 1832
4243 3208
4767 1263
7120 7428
786 3517
5650 6967
1269 6482
6202 1357
1393 2541
1930 3514
743 3176
1387 6127
1471 2104
816 1641
4532 7494
5442 5839
1971 3271
4237 5657
5601 3819
1437 1160
2764 3654
6279 5708
566 3871
682 6222
7303 5336
3655 1892
4927 762
7022 662
2036 1229
2470 1043
6041 2146
4363 6702
6409 6277
74 526
2945 4296
4922 2501
1445 4196
7431 2924
5159 3371
2324 4190
7057 7415
49 6983
2431 1474
1772 18
2536 2904
1101 7027
1265 2017
5407 4995
4216 4917
4268 4073
5865 6009
586 5521
5501 1916
3052 6037
5715 4307
1399 1490
4081 4602
4093 3019
17 1627
6540 3536
4467 2929
2113 473
6737 6137
5864 983
2136 5261
5682 6962
4967 7495
6016 209
2234 4083
388 5030
1574 3174
4350 4449
7234 262
1690 4508
720 4688
4167 1089
6204 2585
5515 3441
5773 4384
177 2279
6405 2734
229 584
5738 388
4571 3937
3094 2730
5595 6832
2088 5063
1966 4224
4010 699
6856 2720
4799 5327
3850 2133
3664 6459
7021 4105
6429 1330
5345 4386
1487 6479
4915 5720
854 3435
907 1326
1382 2362
5873 6092
5843 4871
2094 3409
1115 131
920 3638
1866 4892
6036 2291
809 1329
2191 5367
3635 1506
7187 5457
7325 6166
4580 3459
3456 2383
502 2412
6690 5701
898 7378
7218 5756
2580 5196
6891 4736
3307 6283
2907 5539
5580 6463
4144 2807
1958 307
4810 2140
4778 4141
6797 5986
5942 6991
709 6010
3273 3290
1745 4154
4081 7076
3552 5413
3186 848
4119 3535
6675 2275
1177 3490
7426 4942
2000 2433
989 7072
2607 6050
2067 3819
5889 482
4743 3379
543 6251
2685 2050
3331 7314
2561 6323
4897 3427
605 6568
6385 3766
5499 6346
4861 5122
43 3668
5638 5329
2396 661
4079 4526
1016 1457
2648 3371
4661 6399
3234 7433
7023 6363
3192 674
4909 1157
906 5466
438 3794
952 6620
5764 719
1392 6936
6980 5559
3540 5574
1000 6370
411 3088
362 2955
6677 5300
1963 6167
2031 6207
5974 5210
2817 4623
2283 5982
4468 974
6009 7109
3668 7119
5471 834
2382 6002
4874 3266
6141 3628
1316 6453
4476 2884
7046 4025
4166 6721
3064 2301
3081 5471
2044 3242
4945 4773
1211 2197
4947 4938
4889 7154
269 162
5940 6329
1518 3480
5364 7207
4041 4754
3569 6191
4300 4108
7431 1810
2372 1444
689 5182
6030 7211
5528 7004
1440 4437
5784 5791
2368 4789
4162 6465
4185 4001
1394 1778
1932 4988
4112 6751
7306 1545
1153 1934
3503 5488
3174 4581
6489 117
3413 1267
412 6218
891 1934
7364 4100
3437 2372
2317 1889
7465 2096
3411 4552
2343 6943
5042 5821
2389 4030
4822 2722
753 691
4866 4966
4905 2133
2921 3645
3484 5955
5902 6611
180 5133
7193 2051
4326 7024
7446 5073
2409 577
7053 3027
6825 1665
2046 6785
5671 2533
5704 1314
4444 1697
4641 5462
6402 2089
824 3746
2757 4460
3507 691
5914 4381
2392 4156
463 1072
919 4626
3617 1760
4085 4174
3282 5780
1645 6807
3196 7283
4216 2801
79 1943
1831 4540
3945 6381
6535 6294
7274 1257
3596 4230
1765 6770
2891 3095
1643 4695
4006 1901
1180 549
6087 2887
1525 6824
2007 2468
6702 5773
2034 5885
4762 4877
6069 5595
324 318
59 3369
2740 6872
4546 2296
4382 7156
4442 2813
382 1919
5628 6152
4699 5425
3659 5852
4629 4924
670 4867
1732 4369
4120 6672
3596 6790
3874 5244
6219 5480
5086 4638
3737 1412
5891 2708
6102 4255
297 2190
2684 4446
214 1349
7132 4892
2007 6502
6103 6292
1928 527
6567 7271
4212 877
2163 3107
199 6678
3570 1720
2389 3219
5930 3507
1426 2442
5080 1803
5906 1884
4008 3391
7084 4774
2469 3068
4458 6041
6892 3631
2267 2316
7319 1338
2095 4232
6626 2657
7368 2529
6372 5128
5394 4330
5318 5511
6970 868
6108 6728
2426 1110
4731 2765
2065 715
6181 102
1489 3732
48 1629
3723 6154
67 3567
4321 5730
3896 3976
2811 1414
3259 4392
3777 1696
5987 1384
5814 5077
5008 6219
2012 3956
4848 2306
4045 4687
5934 7069
2517 1986
4456 3176
810 5061
5460 7337
7005 3694
478 4522
1811 1358
3560 2370
626 2231
2553 6916
6740 929
5694 3325
2685 2308
4904 550
209 1669
6110 2735
7324 1992
7437 857
6357 7387
6307 3787
6859 202
5700 5021
4824 1055
3324 5189
5729 1885
6750 178
6555 3243
6789 4520
5214 960
2803 2226
2637 5982
4319 5806
2020 3953
2298 7278
1961 4719
4143 3006
1085 2736
1207 5065
1406 6905
126 6778
4827 4578
7352 6640
4638 1098
4597 1983
1429 3151
5093 1610
4511 5795
3188 2184
4658 6096
5326 3510
757 6430
5445 5114
7062 3741
163 3990
6854 4464
7190 4774
2464 4269
5605 7042
1246 4972
1680 7044
3571 3456
1673 4613
4573 3094
1181 1856
6038 1468
5599 464
1760 7486
4254 917
1103 2164
298 1124
2569 3214
6999 6186
2487 6655
3608 6781
3824 6657
2724 6779
4118 1415
6116 6129
954 3003
2562 1877
5887 2175
4919 5006
3618 5097
4672 3403
3997 6792
3841 2817
5408 1082
4434 710
7439 5118
522 5783
7259 3368
194 7183
6080 409
4150 924
4244 260
6998 498
3943 1302
843 7427
6014 5027
6542 4484
6857 7483
2255 1844
132 812
2780 5341
4262 2802
2436 5490
4437 7375
405 552
3385 5604
4555 4349
4888 3137
3345 2617
705 5785
6294 2816
4408 1907
6407 141
1459 4509
7370 3661
2481 5342
2614 6855
54 3338
4585 2810
7361 878
6927 3193
6133 4970
6463 129
1475 4420
2583 5482
2286 4059
6692 4449
6727 231
6070 3683
2793 3000
7036 2518
310 3051
5272 4069
7179 1254
1343 6254
1865 547
2281 1758
1641 459
15 2624
515 5342
1974 4211
3658 3027
2252 7089
7408 6213
1352 3970
4486 5815
4423 1275
4793 6233
2957 206
763 4372
4669 6781
4828 4240
3965 329
6308 7107
6007 4475
7146 2199
6040 1581
1036 4472
3463 398
7340 2042
7391 6418
1576 1359
5345 1065
7005 5223
4305 6590
4363 4166
4655 2926
6208 4910
5168 2080
2031 3426
633 2872
2047 332
74 2650
283 975
6005 3136
277 1937
3844 193
73 3348
5519 6574
5343 6849
2677 3013
1888 5231
5670 3410
3952 4241
500 6662
431 2659
7284 3189
4732 5592
1419 2894
3276 4022
6942 687
6809 5104
4931 4492
1849 3271
6643 1704
4169 882
2839 6142
1961 5606
1890 5464
6545 4455
6705 1794
1202 2454
722 2956
4123 481
6514 1297
4761 2347
2101 1727
6154 4015
6672 2357
4841 7219
3468 2038
3560 4847
3724 5105
210 477
1193 4657
7402 5300
3000 5098
6971 1238
192 5923
1566 6393
551 2472
1767 1510
5206 5910
859 7473
7030 6633
6912 3345
920 1120
686 1674
4775 4288
3765 6743
6611 2870
6220 62
4811 2335
525 706
7262 5901
6452 4178
1402 3289
82 847
4148 6845
729 1081
4021 6260
257 4802
2949 5195
661 5805
5862 7065
3188 4994
3643 3591
4983 2968
1361 6170
1354 7224
5454 5170
5676 3699
7145 6671
1396 437
7073 4932
5796 2912
6744 2429
1127 3811
2563 353
4665 6734
6614 6011
2692 4817
2785 3758
3703 5602
2828 3277
4518 5069
7406 6835
3252 4394
6444 2325
2710 4103
2604 3520
753 3546
2078 2371
1423 3676
105 118
681 3308
446 3360
6576 3893
6665 5552
1822 6187
949 6836
7268 1763
740 3387
4874 5298
6021 5417
5931 1987
5344 6058
7215 348
1823 2263
6797 7279
2150 7011
2713 1509
3425 3718
2054 5338
3034 3177
2416 2922
1225 3684
1369 5274
4531 2492
3284 1086
2503 2499
1125 1927
3123 3064
3809 21
487 4479
4840 554
3385 6501
3353 4618
5713 3329
851 2565
3464 385
2096 1703
2313 5516
150 2425
1954 6885
989 7274
3832 1471
2375 1477
6600 1413
7379 1260
6877 1154
2144 6831
4607 2863
1205 443
5330 4454
3185 4494
4638 281
5878 2231
2330 4173
392 2914
2878 553
4533 922
811 3480
3131 3229
3469 6354
7032 3298
2700 1388
3784 823
3372 4676
1146 2393
6803 4515
3981 2167
5562 6706
6227 6876
80 1894
1787 4761
680 3957
4984 7303
4982 4292
4427 696
3220 2654
3068 4833
1458 7419
7380 6265
3939 5051
1120 2794
6433 4294
7189 6217
6906 4576
5861 2848
1701 3267
5678 3200
7010 658
6086 6507
3027 3370
7441 1706
4975 625
4456 5558
5472 4478
1876 5412
4030 3057
7137 2014
3786 2667
6427 7107
1468 1407
1705 4583
2073 571
3800 6498
1116 525
3180 3555
6810 7335
3980 70
5091 2475
3811 7367
4163 1662
6226 4512
5122 4404
4378 1924
3843 7340
251 7253
1743 4855
1542 4307
6561 1632
3035 5090
4569 3121
4340 372
4465 2787
556 3303
476 2446
2324 4696
913 4797
6334 4490
6062 945
3810 3150
4695 946
4390 3386
5720 6699
6063 7463
1595 5226
7216 6723
4222 5291
3873 2702
3006 6064
3459 4674
4411 3564
695 6646
6067 2355
1115 4225
1607 5524
6602 4614
5382 2420
1835 3418
3382 2829
5315 1977
1043 7267
6173 5463
5542 672
5854 6738
3696 1652
2067 2353
5482 7189
6400 5655
4340 1126
4210 3823
6731 4366
2319 4380
3018 3475
4093 3362
5020 4770
2792 621
2064 3925
7189 1439
5980 6618
6762 1467
7178 4152
5635 2130
1624 4078
7082 770
3730 2495
3720 4310
2902 5907
3633 6974
1194 1325
3852 3359
106 6444
2964 25
7341 1174
6892 3123
6098 3644
1799 6619
6286 218
2405 4212
7076 3779
3778 7354
2028 2474
1724 7143
2363 7468
640 1880
6210 7034
6072 1802
4912 2397
1374 4321
2026 2009
1753 1773
7220 4898
5616 1323
5001 2640
3944 7491
7061 3654
2861 785
2321 6989
1561 4915
6325 1883
3468 3130
2519 6761
6889 1181
2738 1825
2154 6816
6111 1538
6631 2767
2194 2830
138 1670
1545 5351
4818 2861
204 6331
1799 603
257 4069
5842 5396
4886 5805
4582 6682
4852 4597
2408 1478
1398 1572
5206 4387
911 2999
7459 2831
5143 6881
4781 6485
5003 3446
5233 312
340 5374
5419 861
2847 2300
593 4777
4528 1109
6941 4918
5303 994
5240 4352
2117 2321
4766 6774
1057 1531
677 6224
3012 3230
5261 5945
1276 1919
5479 806
4493 3795
1108 3422
5894 6295
671 5084
2063 1779
5363 5863
5999 5202
7474 4700
2911 1445
1845 6197
4926 177
4765 6008
2741 3625
5734 2235
4662 75
510 5302
1030 5822
1179 6065
5976 3142
5124 5490
3325 6963
1289 1998
4026 4634
4673 7249
4222 159
5611 2974
1213 5879
1986 362
1043 2435
5710 2751
3605 6198
3500 1339
6681 2728
3876 980
6033 948
1694 5034
1819 5102
3993 1823
1231 469
1950 340
4619 5049
6991 2200
1967 5407
5910 4266
1613 6481
2526 5481
7072 3280
3050 5376
3220 5851
1185 1479
5633 2727
6007 6370
4634 2669
2025 2547
3168 5889
5426 4102
1502 4263
4615 2916
6518 6915
6428 2094
6256 611
3585 236
3577 4797
902 2518
5247 5877
5917 6066
7083 107
4146 2571
2351 237
5762 1960
4908 6781
7387 4470
1657 2037
7084 1316
4048 135
4495 6634
2677 6964
6709 447
4453 941
4127 3649
1732 4694
3453 3005
6673 6993
276 6396
258 5274
6336 6054
518 7080
2797 6476
3866 4152
4473 7169
3909 3526
5417 3494
2509 1880
4792 4794
4016 5256
7167 5762
6860 6574
7276 5917
3306 6299
2853 2922
1159 3830
1041 548
5111 4715
5139 157
7322 671
2946 1978
1882 4698
3830 1210
1569 7478
5047 310
1132 955
2497 1100
5262 3266
3347 4890
5701 5711
655 539
5224 7279
1207 427
1231 3777
5849 1455
5632 5859
2795 1716
4601 5285
5557 3903
1188 124
5356 1018
5567 6071
3554 4913
4993 3587
3994 1619
1506 1123
7206 3312
3195 7159
197 7365
3875 6261
2977 2332
5121 4061
3565 3847
647 2143
30 5709
594 3239
6909 5697
2357 88
506 6407
4806 1578
718 2083
3817 5396
6096 1716
1711 1078
7382 317
627 6560
1785 6741
572 5515
3693 7094
3603 7086
3378 2832
6764 5688
1839 1910
5778 2228
5907 6814
4221 3458
34 5914
4258 5829
3426 2749
5690 1211
5736 6258
1603 7136
270 6940
4260 3619
6638 3297
3315 3170
4914 5517
6270 691
2453 579
4317 4804
2798 6694
1566 5768
5408 4617
4211 1523
3737 1485
1685 1377
2721 581
4551 2488
6873 5608
5333 3280
7413 149
7356 3991
3898 6504
6412 4536
1409 7450
2507 103
2734 4708
1280 247
3220 4682
3904 5177
4868 1456
164 3114
5500 2592
339 2866
1838 4893
4153 3857
5020 5468
7006 2818
6446 5184
3180 6193
1752 5445
5523 1394
6401 3391
4951 6076
378 7165
5425 717
2298 3879
5806 6183
807 2658
4184 4258
4678 6349
2136 2568
3591 4719
1349 599
4944 5848
6960 2140
1112 2886
5070 7288
3973 4745
2038 5341
1255 3970
5695 6495
3755 4691
6397 3706
3067 3720
776 3496
1783 1456
3751 7225
4809 337
2361 714
218 680
144 482
4420 4811
2039 3567
7209 3235
6928 1993
5426 3498
6885 7012
12 2491
6231 2461
167 5192
2467 950
1168 6987
1662 4833
6117 5815
5355 6664
2353 935
261 513
5771 117
2422 6571
6027 228
5722 588
3143 6545
4400 5731
3332 7393
4467 3013
610 6625
5213 5620
6287 4036
1429 6160
6845 1567
7126 3645
2496 4960
6990 6654
5480 652
2161 1001
1142 4608
6619 613
5114 5845
3588 2790
526 5698
1957 3364
1013 5963
635 5656
4265 3421
2455 1037
5001 3123
6364 2511
1341 5933
4518 2936
4261 4145
2357 5085
5545 3735
6390 2625
693 7125
7288 5361
5293 3124
4578 1970
7300 516
1570 3248
2665 5947
4640 5252
3161 4072
6961 1364
5559 581
5998 5332
536 6075
6015 818
1677 7070
3201 5014
6608 3051
5385 1938
2455 4865
1762 3425
3330 5416
7056 7203
6036 1906
5142 5218
1486 6163
4009 1742
6789 3491
6144 241
3825 2078
139 3817
6246 6186
3785 6744
3089 330
4651 3744
5327 4635
2465 3646
2828 2833
4863 3591
3491 6480
5528 2470
393 4801
3640 1870
5770 4503
142 3436
5243 3779
2940 5213
1248 770
2398 4291
7021 7500
3028 3708
2264 4432
2587 2709
4137 1404
6288 2196
1774 814
4323 4385
514 708
5890 7390
4958 4038
7 4727
3724 4849
1176 3007
3121 3332
7119 1299
6980 1617
6807 5744
6641 6362
25 3299
7456 2343
6749 7302
2874 3464
6898 5974
3759 715
5867 2049
7370 6617
5448 2760
98 5556
2241 739
1956 3690
2887 6975
5521 3843
6244 2821
819 5389
3516 2567
800 7217
5676 57
3774 6986
709 3907
445 3673
3357 5244
510 511
6214 3046
2433 2854
5124 5279
6502 2339
1946 5276
3262 1461
3200 3495
5219 1197
6604 7452
4014 4713
6308 1714
1809 1888
3356 6457
2772 1163
667 991
6376 4050
5402 4622
4741 3
1980 4183
2261 7244
5480 4925
5555 2277
3974 144
2149 3106
3998 515
4017 915
734 5871
6017 2609
1425 733
3446 6870
5193 3680
5569 7102
746 6358
1372 3641
814 394
2182 4641
4744 2388
2818 934
1868 1101
6755 5387
1114 6352
6966 7424
6981 4228
2477 4787
3492 6374
83 5713
731 3473
2427 7399
3455 725
1020 123
2263 1744
7451 3553
2588 3251
3477 3339
5774 5005
7405 6606
2565 3602
6145 6283
2795 6977
1307 6800
1424 3013
3614 5447
1363 2905
7122 6664
4175 333
3193 4815
3839 7148
5902 1024
4846 347
4835 1063
1873 2172
3937 2370
5527 846
5029 4995
6544 458
5339 4297
5152 5585
3623 5509
7367 3245
562 3792
5979 5459
5093 1384
2475 1710
1264 1543
1008 4943
616 4499
765 4994
147 1752
5062 1864
6745 4582
2159 5700
5495 2601
1913 6999
7439 5178
7080 6606
200 3378
1854 5704
338 4316
360 5774
3595 7393
7368 542
2786 2697
5733 4620
3449 7461
7129 1673
2821 1945
2380 5746
844 653
5911 7369
2497 3179
3755 325
6770 1010
927 2229
2982 800
1346 5080
263 2334
4381 7095
5538 7078
7421 5355
2003 4225
1979 5825
3376 1783
7195 5668
7118 3460
3510 2651
7048 4035
7476 1161
1422 6081
931 7382
5712 6212
6029 2639
114 1568
701 676
1117 4903
1224 2408
939 1692
7439 383
3252 7222
2366 2960
2493 4393
2840 5617
6035 5840
2613 3802
2213 5379
6475 6717
2426 6707
1600 2936
5019 5576
4219 3042
5691 1080
4710 3874
1787 1788
303 5726
5833 4442
4443 1141
3445 6401
2622 808
5604 1220
3108 6813
1071 214
5875 5943
3425 37
4522 5390
2331 3803
5140 3919
5441 4406
183 799
1444 7243
2997 2965
505 6230
3580 1292
4134 5873
1111 5575
2205 6949
6773 6299
181 225
3455 1605
6326 2393
546 5386
3100 1687
4598 966
5608 5369
3392 3932
391 3272
3226 1266
4723 3604
5194 4599
4738 3488
1060 5983
1736 2488
638 2485
6424 4776
686 1470
554 6501
1964 1128
2837 1719
4369 3092
2486 3653
2825 6222
7226 1347
1739 551
5127 78
6031 877
5645 1029
1931 1956
71 4798
2707 3562
1624 1791
3445 2731
5761 2018
6382 5732
5841 576
3848 4959
6543 4462
6833 4745
5545 6574
4912 7363
5867 3726
1772 5957
4212 84
4636 6604
372 56
4405 2418
5619 2255
2559 2248
1108 5110
1636 5759
2189 2947
4131 4742
3086 49
1365 3753
6584 885
4068 3827
3132 2294
5381 3985
851 6285
797 5764
2950 4885
1680 302
314 2600
670 2444
3912 5585
211 6783
5623 5967
4311 3875
6150 2573
2898 77
484 1552
2171 1437
3505 4345
2513 6053
1898 5004
6340 4976
1544 6677
3663 6643
348 5566
2236 6597
7461 4570
2124 4714
1630 2728
4669 6035
3986 4885
241 5040
1280 1555
4329 3055
5496 6798
1650 7172
7256 3409
1312 5307
5264 4481
2000 3544
3864 6177
5660 4432
867 1190
1808 2217
1245 7389
3961 2662
1876 375
2037 1480
4516 3712
979 7027
4510 6326
2778 830
253 1353
2219 3304
179 2386
1819 3009
7029 1106
4992 111
1008 2653
2186 6089
1891 1073
6822 1127
5058 6858
5322 3396
475 4539
5884 7035
6236 4775
4251 7399
4088 2673
3683 1234
2954 7078
4720 2421
4173 1239
6974 1659
403 3157
6869 189
5020 4053
110 5836
7420 6278
1741 5398
6603 6478
918 6560
1458 207
3620 1630
5967 4381
4299 2358
1503 3930
6933 6197
2928 3364
369 599
5683 4266
4308 4270
4741 6375
6362 6954
5492 2516
3837 6897
7500 1861
4529 5475
3295 4526
1272 3533
5610 2409
1181 2973
878 7181
6096 5699
1207 2379
337 1631
3437 3139
5340 2221
4088 7095
4318 5275
1955 6675
2338 2687
3154 1128
4562 1100
6514 1321
4910 7187
2161 2931
1092 6155
4667 6792
5257 5845
2963 3551
3834 95
4236 7429
7044 1541
7436 3254
1501 5560
446 345
6573 1068
4416 2006
2461 6132
1496 5701
3578 6312
3305 5444
1459 3119
4199 4434
254 4600
5283 541
7144 2163
3380 4541
3182 5868
6616 4433
5074 6060
3754 2473
3284 1563
5422 1400
6202 2534
6484 532
4747 7405
1148 4029
5429 5673
1438 2538
1997 1138
5037 3675
6310 7386
6391 4037
3248 7011
4838 3748
2020 5162
1151 6585
2498 1898
6535 6410
3777 5325
4325 5637
799 3209
1999 2578
7423 917
233 5996
2095 6971
4906 2665
2638 396
2503 6412
4270 5255
4535 4686
5523 5801
6425 1807
512 6259
6528 6243
1831 4826
2650 3439
5998 6493
3239 3080
1203 5714
1022 2116
4995 6720
2430 4319
2702 16
3805 2415
4218 556
6893 3420
4595 357
2377 2833
7203 7080
4888 5131
4770 3895
5930 1728
5799 2125
3624 1267
1887 2698
1281 5561
1235 6485
4097 6448
6539 589
3429 291
2042 2148
5671 245
1749 164
1328 1136
4266 758
1147 7186
5754 6864
1390 4480
4929 6254
5666 2123
3893 5016
3097 3262
1862 2205
6196 3471
7145 1284
5549 6895
5401 175
631 4104
1370 4170
1544 4671
6722 5869
1666 6130
3743 5634
1052 6922
4562 1233
2018 3633
2307 6164
5182 4316
3236 4830
3265 1750
191 460
4730 29
3739 6630
4714 3399
1595 6316
2841 2201
6830 6950
5742 6031
4558 1399
5575 6490
2363 2001
2342 1836
7389 2183
4073 4206
978 537
3985 331
4843 4191
6757 6684
1847 14
6360 5221
3447 5100
406 3904
654 4344
285 4259
7336 6366
1041 4705
6798 4933
6401 5292
4092 6890
1714 2312
4057 4637
7129 165
6416 4770
389 954
710 5315
1082 5483
1273 4348
5880 6582
3745 2850
3374 4086
764 5966
2250 6483
1206 597
1835 3040
6896 3355
3867 3347
2774 2614
4916 4376
5030 2686
419 4035
4443 1292
268 468
1970 4539
3975 2264
5645 97
6513 4855
443 2310
5177 7438
826 6068
22 5201
4142 336
757 164
1164 7485
2494 6553
6505 3624
4955 1305
6480 1626
6913 3530
7223 5963
2890 464
3707 6562
4151 4237
1362 4341
6411 6157
7152 1618
429 396
7350 6554
4303 4760
7179 2878
3536 1569
913 3672
3079 2978
5513 5374
3954 7398
6001 4863
3863 5651
1886 5856
1161 3482
1174 1077
1682 887
3328 2385
6558 3432
4832 665
340 1000
7377 2973
3977 3685
4424 2901
5998 5612
5423 1142
5158 4561
6988 894
311 4682
1461 7066
5956 7313
4650 7262
1 6788
3442 268
6899 1460
3363 819
4581 4112
4379 2855
7453 5715
2436 581
2288 7208
7339 1071
5316 11
3396 2663
6252 5350
5016 215
6979 337
3867 4482
5359 434
6712 1388
5241 101
6303 5451
369 1144
2934 3672
770 655
161 1646
4630 2974
6060 5078
6236 1770
7314 806
1415 6548
7109 4519
4556 6336
5624 4819
5150 5516
6012 3942
387 574
5931 2493
6782 100
2823 6551
6815 3038
4190 6418
3493 6494
1535 250
876 5339
2400 3593
5287 1238
3588 4275
4413 4553
2505 2603
6122 6202
5108 1214
1653 4368
5153 4625
6372 4928
475 454
2544 5561
4284 716
1460 152
982 5205
5718 1545
1991 5855
6607 1684
5234 1325
5091 2256
1031 5702
2621 7111
5607 583
3685 2271
3583 803
1913 2998
690 1858
3997 1478
6658 2120
940 4453
6429 7070
5633 3346
7084 4899
3497 1230
6670 5769
790 6419
3164 3246
4620 6654
1199 4187
157 4722
1916 5245
5676 2538
7135 4595
2935 3098
6053 4500
6893 4289
1423 4829
4616 1585
1725 5076
3625 934
2586 3424
947 3859
6597 3119
1705 2100
2921 7108
4427 2808
1257 4360
1227 2889
736 1438
4950 634
4254 2769
2436 6101
2015 5518
6392 478
3105 7175
4531 6346
1890 3768
1066 5639
5725 3230
5092 4780
517 4697
7258 4087
1764 4742
3879 1524
590 7050
2098 5784
5459 1651
2919 3767
6421 7396
6346 132
2195 5207
3594 1089
2106 1730
929 86
6957 527
4603 1403
3572 6266
3731 2530
510 4626
6307 314
4628 7342
6139 5925
4220 1715
1783 6242
1508 4257
1345 6151
4455 713
3795 305
3999 6983
6356 3073
732 5348
6062 4299
4755 674
6365 335
2240 3443
3471 3361
3244 2532
1190 4056
5002 3418
3612 3258
6299 309
3148 3175
3878 891
4832 6363
4880 1775
6405 1638
4681 2122
4579 1531
5994 3962
2645 7159
3717 6882
1724 447
1296 1615
6657 2416
926 3237
1524 4232
3326 4849
6796 4117
5129 5290
3281 6638
5818 6633
436 4366
3330 1152
167 4542
1738 470
4520 6468
6107 6677
2160 3217
1381 3196
5877 4360
3788 5990
588 2361
6690 6784
2565 1890
7061 5618
845 5470
6108 547
4574 2781
3198 1251
3729 312
617 7182
2961 5101
6536 4517
2233 5456
7003 3263
70 4534
4498 2169
6726 4543
6050 5494
7384 2084
1377 4432
2875 1394
5054 5383
6305 1150
2975 3720
3364 947
2649 5825
2318 5422
6008 4056
5098 219
3917 4379
3008 2067
4282 7422
1565 6406
5808 4416
1279 7165
6088 4539
585 5997
5074 7168
2966 7210
5123 2033
6004 6420
2103 4649
3973 1215
6044 2069
223 4176
2886 765
3535 5526
4362 2140
4421 6974
4470 1701
5828 694
1866 3483
5783 6365
1852 267
842 4531
585 1050
2654 374
7279 6212
5267 5294
6659 3408
1410 2640
5004 6651
2710 2204
3276 2762
1546 41
3481 4445
335 2129
6531 4827
3951 3099
2880 2990
6779 6295
6229 3466
5271 7200
3522 3849
5937 6944
3968 3956
6499 3212
4329 2153
2236 6342
2146 4429
4708 3031
451 1717
2641 4986
7203 3706
5024 4782
1040 40
436 7040
3647 1900
4112 4358
7066 1475
873 6112
4164 5384
5794 1644
1714 223
3969 1102
1694 2928
7484 3222
5152 1302
4178 5543
3569 240
3000 1677
1547 5906
1241 5049
4406 2615
993 3686
2463 7282
4882 1405
3704 5820
607 6487
658 5852
7304 1633
3513 7491
1370 3760
445 2776
1236 3532
787 126
3635 5444
3363 2453
4445 4519
872 7138
1656 6890
4787 4605
2072 6285
2655 5509
3952 2983
4192 7185
7051 5853
3423 4413
5938 2374
6305 5454
2524 5870
58 6549
2958 792
5419 4066
5788 4238
6166 7188
5400 7236
3763 2655
2238 4871
3669 184
3326 3078
3213 2457
1626 3942
3335 5667
6780 4683
4701 6192
1533 1194
6965 32
6185 549
3379 3590
3990 6040
2222 175
5673 5291
4215 4650
803 5151
4315 2077
3238 5584
3062 7291
1072 5
1286 6818
3464 7404
137 932
5178 7201
1649 2909
755 725
6746 1623
5823 176
7004 3181
2587 3612
1246 3328
4754 6404
6600 2296
4195 2158
1265 2337
5625 2782
2888 628
7495 6302
4073 5934
5403 6966
7384 3114
5271 148
2941 2114
6354 7297
249 6188
6249 2177
2467 2980
2713 4205
1258 2009
6749 4660
3852 317
1225 3504
4618 692
1320 3804
6829 885
7089 5668
5966 1522
7077 2885
3004 4095
1227 4824
4130 4281
4850 5524
5541 2501
4802 2419
90 1938
122 1733
1406 981
2979 6703
3099 3688
2638 1470
6709 873
2752 7034
457 258
1079 1512
807 4481
1289 1163
4327 6987
3616 6319
7223 6955
6390 4692
5728 6513
6456 2708
992 6161
4984 794
971 833
6937 6199
5586 5843
6500 6483
3857 5991
4071 5265
6419 6692
3352 2663
4387 6907
6207 4506
4825 6387
2119 2142
2333 4033
645 6140
853 5642
2771 4562
4345 1794
6227 2651
5530 1782
2242 2345
6075 4952
2761 4614
6360 4359
4932 816
3754 7292
6826 3343
5347 1583
5338 3105
2399 4831
2522 1676
4813 4610
1443 3559
3255 2348
1724 3578
3747 1275
2879 1606
3168 182
6247 1855
725 6158
1943 6248
7168 5553
7400 2617
4062 594
4865 6685
404 7396
7442 6741
1739 879
1789 3552
3637 1201
4892 508
5273 2977
4623 6770
288 6887
3147 6118
6510 467
990 3680
6181 5819
4362 1402
5309 6554
2564 2836
2836 2822
4986 2326
2216 443
3261 5567
2558 6748
3946 3789
6582 6492
1562 6494
4260 2812
1420 3764
4419 3169
1392 5950
2332 4260
5053 5831
7121 4646
4347 6454
3820 5338
950 773
5622 5576
6383 6866
3254 2610
2604 5725
5863 580
1049 1031
537 5002
3358 6788
6609 2214
7213 102
5319 6650
5655 370
3560 629
370 1637
6933 5462
7007 5901
6216 6410
4346 3807
4430 39
6226 916
6658 3077
7308 6434
5133 2946
3955 6119
4941 7201
3101 4554
3093 4978
3708 5424
3886 6464
313 5809
4988 31
4355 6367
5326 5242
6745 387
4493 6935
3608 2481
7372 3879
248 6451
820 6132
6630 529
393 962
794 6066
3891 3504
7357 4989
5354 1584
66 2675
4160 6120
660 3384
5349 3715
6245 1654
7255 6265
7351 3149
4661 6111
4155 7472
3940 951
327 1060
377 6570
901 1619
347 7141
2876 6394
2314 5508
6322 4121
2113 2846
4728 2996
2173 1825
4566 1240
1102 4398
4087 1166
5114 2221
4802 1046
3963 732
55 3114
292 5339
6233 2290
3135 6121
4735 5796
1515 3190
6353 3035
256 7238
4855 5246
4186 2050
3549 4808
5999 2981
6250 648
7055 2586
3905 5802
5995 2129
5377 6117
3781 1628
1186 7105
3264 278
5241 3706
7176 5272
5479 1373
5279 7053
4490 2776
7441 1824
2483 6868
1560 1337
3872 4903
1906 2460
771 2221
1185 4352
6825 4596
3045 3100
3023 170
5979 1660
7455 957
4577 5130
4385 1492
22 1885
1827 1010
3976 3775
575 5109
1986 6646
3127 4871
5138 5552
3207 4592
1854 6772
2740 5224
2713 6388
5579 6154
3278 6479
4720 2054
2264 6938
5929 6506
5745 3626
2418 3328
6914 6894
955 6041
7108 4110
244 19
3868 6377
5321 1981
7244 1127
5685 2476
2012 37
6697 1368
556 7365
7381 1563
5754 6051
5573 2156
6340 6216
4663 1329
3205 4730
7197 754
2631 3995
5331 2532
2890 4093
2581 3545
246 4820
1117 4748
754 4717
208 719
6757 4891
4968 3952
5176 4302
3570 2050
3177 6342
5061 5246
817 4492
5510 6678
2912 5109
2617 279
2008 5231
4724 2674
4788 5815
7175 4074
1542 6786
231 3542
1689 2756
820 3568
6572 4333
2869 3812
7037 1940
7161 3959
1869 2195
1245 2391
5892 3569
4738 196
937 4967
3877 2593
5887 1441
2480 6488
4541 1319
3255 5149
1067 1471
4322 4465
246 2242
3419 4629
4937 10
6683 633
3152 5519
5606 3508
1144 3787
5730 1051
3912 8
7479 5072
7046 7106
2579 3227
6109 4667
4229 4804
6699 461
4816 4548
1979 6448
3076 6972
1152 7464
5309 4108
2838 1958
3626 2899
2072 7281
2055 3137
387 3743
6850 7046
4426 5803
6291 6273
457 5397
524 2552
2845 3145
5958 5280
6660 5557
1612 3020
2154 5117
6183 3588
1822 6855
6978 6218
2219 2897
3649 2516
6609 133
373 3145
1494 5169
5596 5001
7257 5753
1507 3147
6102 2619
4101 1024
3491 352
5353 1881
4677 247
7392 3876
6827 263
2013 3075
4341 3865
4881 6865
2445 2951
7216 6801
1232 889
6408 6955
601 6164
5352 5491
1611 890
3619 565
4785 1528
5470 1530
334 3360
2842 353
2271 218
3005 5899
5340 4477
2985 1121
2096 5133
4419 5302
2256 1722
3628 726
7176 2995
6924 4759
941 943
1143 4143
1685 3573
4923 4049
944 7319
7212 4437
2702 1751
4407 1325
5443 93
6877 2145
6834 5272
1532 345
288 3859
854 6005
44 1278
519 4288
5332 988
3402 6396
5108 5901
4464 2943
1111 3526
1081 749
3509 2198
1620 1944
3310 305
466 2137
2482 6479
5977 4563
4200 3784
2563 819
720 3343
4484 5616
625 4109
7492 7150
3606 1645
1035 4936
6225 7124
503 3671
5253 2648
3421 4545
7050 6321
4703 3882
4791 2174
1277 3748
2675 4129
2638 4422
2260 7093
3742 773
5933 3002
231 644
2364 6406
7490 5959
4756 6699
3442 806
3845 5154
5360 5094
2242 5519
7172 4364
5158 2099
4800 1243
3807 6175
3192 7068
5286 7371
3402 1959
4285 1036
3821 7154
3163 7418
4901 6529
3063 3265
4168 2422
1984 1
6754 3986
651 3390
5360 2354
4982 7353
2932 3985
336 3140
3094 2520
480 6251
326 6311
1428 2632
6636 1379
4016 6561
5668 6338
2494 4060
3025 2474
298 7145
6430 2824
4583 5646
6195 6356
5222 4376
7169 6879
2152 2027
2763 1721
4008 2585
2356 3449
7437 6585
1860 7454
1470 4257
4737 3265
5884 716
1982 274
2356 1680
882 3700
1853 1044
7163 1699
3926 5525
2144 5644
7196 2923
3616 2105
2885 3890
1440 1624
6688 2100
269 4611
5349 6137
1274 7241
5202 1326
150 5980
3762 5447
2755 4304
3182 2700
2490 1551
6027 4771
7433 6076
6628 2424
611 6851
1858 5570
6653 1405
6136 5776
760 1392
5522 3792
5916 6542
1270 3975
6578 3318
7008 1990
6544 7491
6562 1355
113 5477
2770 2857
6282 2126
6742 2552
5055 2185
6184 464
14 6579
3505 2375
1734 6335
7155 2439
6018 1928
4391 6311
2621 618
1902 7339
3974 6804
4946 3327
4769 3897
3365 4524
6011 5547
1479 6221
2023 1058
1932 5151
1618 3410
3219 1355
2090 5493
2468 2963
6069 1171
5342 2328
1389 6794
832 2572
309 2724
1045 3323
6367 126
5409 5222
4857 991
343 3574
6550 6010
1894 6470
3438 3629
7372 6382
6594 7273
260 6862
1535 1581
5173 905
4265 7174
856 6519
2755 7121
6272 1897
6379 2411
2300 4247
7494 6639
2483 2703
659 3959
7058 6485
3698 5825
2150 972
3563 6415
4409 2071
1855 5313
2046 4949
3268 890
3133 141
2740 2091
3406 7281
4052 5260
1103 4494
6914 713
5711 2274
6482 4764
7399 3060
6445 6290
2522 2104
5633 695
3962 4915
6309 2890
4555 1068
4946 3711
220 5093
1421 376
2330 1676
5204 7451
2721 4048
3028 6022
482 2201
2984 1751
68 4252
2925 4496
2157 932
5627 3601
1151 4468
6512 6077
3722 1748
3548 6295
6239 3153
1135 994
6280 5068
6742 3008
2256 5268
377 6795
6689 132
1717 5219
983 1446
589 788
4343 4440
3654 6811
7268 2262
2551 6398
3249 4521
3844 1365
3389 5795
3120 3966
6048 5189
974 2026
1613 723
5250 3830
5134 2028
2947 5284
6174 5289
130 4569
735 6652
1615 840
4499 7370
4371 156
4377 4201
5925 6641
2429 1543
2062 1851
7045 3556
2518 4846
2679 3068
2588 6615
6626 5672
1278 4743
3589 4646
536 3190
932 5118
585 1042
4956 2339
3842 4169
1082 2876
7139 4457
747 5776
2275 5509
2886 3782
3696 4155
3289 5771
7099 3240
2452 778
5389 499
4709 1033
2925 6846
4895 2609
3807 3470
462 7296
6889 4431
2863 5904
6949 4555
187 2375
6985 3818
5448 5388
576 3759
6101 3355
5097 5546
5604 1681
222 2419
6028 5615
3565 6969
7482 2155
6177 3365
4991 6274
4411 566
4143 5299
6022 6061
3333 5209
3029 7269
5971 497
5846 4600
3771 5371
3171 3297
1218 3077
4293 839
3501 723
1636 3515
3609 5484
235 533
205 1333
4568 1657
4322 211
4003 4401
1334 1770
3468 6589
6050 5722
1106 3260
3923 5927
7206 603
2743 408
2363 54
1270 6875
623 4837
6566 129
4284 7192
3292 3361
5183 3070
4800 2566
2342 570
3231 3917
5850 738
3960 3091
1697 105
517 2988
1921 6785
3393 5331
5855 2006
5373 1159
3414 2304
3839 5722
4567 761
6958 4918
4718 2323
449 1535
6315 3929
5504 7327
1957 6513
4998 871
1074 3047
4712 5185
5050 3714
2132 2208
7153 5125
1754 821
4249 2796
4688 1449
5716 2895
2554 7359
2394 826
1305 5063
5230 6048
5344 384
3949 5581
7133 3487
4044 2576
4687 5393
4758 2316
4933 4580
3610 5281
963 2376
1358 3074
703 4427
4507 2309
2593 4786
6941 7457
2852 4631
4079 5840
3908 2485
6635 6963
1447 3972
2735 280
1564 6517
4094 885
1663 1740
480 1578
167 3279
1954 6994
7231 5630
4164 6932
614 2494
4796 4644
728 4724
6419 4273
6695 6045
1117 1491
302 5514
3322 570
1209 3650
1054 4450
1420 2137
3095 2446
697 6327
6543 1460
637 3440
7304 4120
1486 2236
1442 4132
118 1095
2803 3339
1639 3922
4510 6710
3483 4877
761 1695
6788 1841
2866 5887
5168 3836
3870 4880
3713 6953
2630 6379
259 3874
2340 506
1841 24
7074 2691
5385 6609
6143 163
1003 1895
4197 1655
454 4448
1295 4126
918 2028
3314 3054
6838 7199
1546 1925
1957 2694
7417 4961
2418 4612
6655 3884
4872 544
6115 3814
1618 6820
5407 1448
2521 7204
7449 5491
2867 4508
6414 486
5993 7432
2691 564
523 5514
6754 3977
3109 1644
110 7332
6718 5681
394 1798
4502 5023
3189 301
6989 3782
6727 2722
3747 1718
4599 355
3941 1461
264 1582
3145 2358
3310 149
7430 2209
6819 6925
4902 4457
7092 5765
7039 3749
1108 563
2121 5603
4815 4283
4610 4123
1019 1480
6932 4825
7292 1379
3528 2176
2285 1693
4787 2141
3359 5317
6755 1258
5403 1558
5614 3966
3155 4342
3705 5929
6199 2389
2643 1473
5466 4790
419 6549
6002 5202
2649 1201
650 2738
2543 2032
4001 3734
7476 2910
1114 6559
4798 4869
2675 223
5515 2011
1230 5563
4566 2539
5989 1378
1835 2327
2041 3929
4379 7264
6849 6400
7362 2075
5257 1879
933 1429
2636 2881
4703 5594
1672 7100
2985 3204
695 5356
5888 6437
3928 5878
3651 12
7380 5324
1819 3796
5790 4468
3440 936
4232 1078
5898 7153
5779 5723
897 4176
2935 4840
87 3172
4329 3798
6206 1781
1565 1979
2341 6065
7343 4538
6311 4514
1684 2994
5881 2259
441 2962
4263 4769
95 2707
3827 4193
5967 3472
6244 1712
1818 4107
6957 5250
6544 1047
6019 3975
6472 7452
2627 6894
1504 6066
642 7307
1613 2476
2403 5782
1195 5482
1244 5723
2735 6361
4441 7140
3222 4119
7480 1385
5970 5229
7207 7110
80 2186
6461 6605
5765 6289
6262 5653
5064 4859
6720 3593
2212 902
1521 874
2783 5007
4404 6595
2002 4928
6521 5857
2272 1034
5571 7260
6015 6117
2986 2578
1988 4080
1088 1469
3366 6919
7249 6802
99 2156
6475 3711
1640 4475
861 2311
3462 5281
4493 6094
7466 5642
2129 444
708 6884
6063 4612
2521 2139
121 6534
2789 5336
708 7225
1170 3335
1713 4856
5011 7022
1968 2574
1179 6125
6721 2616
2293 79
6184 5428
5951 7064
5677 2394
701 5095
3724 2355
5203 4864
4351 643
5262 3246
3525 3138
5018 1426
1514 4717
7360 6231
5737 622
3582 7167
5844 5691
2718 6281
5568 7188
6960 2781
5656 5696
6563 5225
5558 6751
7403 3870
1834 6758
998 2909
2703 5372
4194 2191
515 5673
3270 6840
3746 2923
749 5034
4743 1689
5600 4043
5456 664
5530 3682
2178 4817
4435 3038
2305 6749
2134 5749
5169 3183
3715 1921
698 3838
1109 4685
5277 4628
7000 4587
7131 5117
906 6520
796 2540
3224 1287
3890 2766
19 1895
65 1622
999 6149
4148 5053
6006 4570
1991 6711
3143 6147
4664 2967
4393 4820
755 912
977 5066
4275 998
6711 4420
6536 557
3647 3537
3375 6297
3157 2046
116 1268
6373 4024
2973 5846
3066 213
2668 1840
4089 6959
5889 5928
1052 185
5882 5830
4089 7077
790 1222
6449 6844
508 3090
7063 4430
541 7009
4927 1908
3521 2347
7075 6380
7294 136
2937 2246
6678 5723
2559 1944
6670 4428
3053 3019
2900 395
2404 2111
248 6688
534 3206
6037 5000
1403 1294
908 3872
5552 2523
1717 1562
789 7426
1221 6459
456 3178
3112 1172
647 4578
1025 6319
5414 5530
5168 1443
3006 5372
6800 922
6415 4016
665 5149
4590 4963
1122 4633
1419 4217
4383 6515
3351 990
3431 4300
6089 5174
6371 5007
5770 6714
4547 5823
2641 2732
4302 2074
2385 4065
723 6584
6139 5649
1813 2910
6826 4779
2437 5141
5690 6815
3383 4303
615 1466
403 6656
729 741
1942 4150
2387 5895
526 608
3003 5151
6992 1879
5032 742
4622 2965
5412 168
4901 5596
2760 3216
4396 3745
398 4394
2513 1796
1364 752
3377 1417
76 6540
61 4961
5172 6473
5395 44
5325 35
2258 3472
6191 7469
5052 2369
7029 897
5693 1527
1785 6020
1409 619
299 4515
2557 2381
1647 811
6371 1855
7163 1824
3639 4690
5817 2727
324 1936
2917 151
3146 2458
4959 4996
4645 2340
965 2809
7014 272
2192 4834
4233 2918
3974 7018
5157 4178
3283 6142
3627 7430
2560 2303
6004 698
2737 3500
416 3550
5955 2895
4452 2982
4020 6930
2591 3768
5665 1437
4980 7440
2677 5748
4495 509
3085 2688
5035 5320
4727 4793
2784 4882
2849 1670
5463 4349
5712 5592
3924 4794
2597 7213
5912 5410
3214 2705
4615 5268
2057 1413
3483 1232
3709 483
4816 4865
3618 2598
3902 889
6110 646
3042 6034
5311 4775
1994 938
734 2086
6660 5328
4439 7218
7277 6310
2073 5589
5130 4253
4633 764
3781 2652
4058 6093
1085 3950
1811 7302
6293 3316
7223 620
6337 7124
3855 3148
4124 3811
978 6628
2354 2192
4910 6129
3534 968
7336 4051
1165 5217
5098 3044
4700 6690
1354 4221
7407 6023
1643 20
3584 7042
4780 1029
3045 5116
6766 6247
3978 3653
7015 2579
2939 2513
5675 2282
6011 792
5063 5190
431 4473
2265 4860
6215 2179
5547 6593
4837 4659
2471 6009
3679 2685
6704 6460
3992 3240
1012 1042
1773 1395
4944 6194
1924 6324
7377 1510
5056 5457
2646 3794
2943 5122
6610 1020
5009 2139
794 6814
3046 7258
266 3390
7424 7444
502 2826
1489 4590
2315 2036
3941 5491
2880 5684
4009 6098
1904 2514
1237 3357
4560 4177
5554 3601
2694 3066
6213 1792
683 3448
6342 7202
2102 2010
3358 1806
1336 6422
2157 5085
413 2551
2124 3113
5087 3541
1332 1107
4957 2358
6466 802
572 1573
5625 6337
1608 4351
6448 304
1987 6901
2013 3832
3389 2619
3394 1005
3367 2893
6114 3678
6582 4047
6007 825
1435 1960
6328 5057
4693 4368
5446 6074
6341 6174
6908 1584
5860 6339
3919 7473
5213 727
6471 6665
5840 1637
2723 5002
3235 3029
688 1617
6861 7039
1317 4744
6550 2280
5926 2060
7060 3329
2412 5786
7334 2241
4961 3719
3021 6209
7016 3186
3011 5875
2145 4823
3108 3914
1857 3147
3032 4558
2174 7039
2021 3296
6866 6480
1167 2146
2873 2229
1932 866
1038 4059
124 7475
3499 893
1800 6557
3461 1472
7205 7335
1177 498
6910 1577
3798 189
1488 6556
3076 7443
4466 6179
6478 5708
3924 7401
6647 1107
2813 1983
83 5597
910 5849
3540 2626
6807 6082
2093 6651
3935 4604
6469 620
252 7235
3898 26
2839 1389
4025 3842
5643 2200
3695 7496
7074 3087
823 4479
5218 1006
7245 1076
6566 788
2695 3214
4055 3034
3759 7215
1198 2602
5345 5167
7048 6889
3858 5896
6344 3636
2437 1903
1946 7083
5864 6140
1759 1990
756 4128
6178 3017
4475 3334
4272 1385
3949 550
3772 545
3448 1845
1630 7133
1858 7258
2238 6483
2034 3667
1296 5039
6799 2988
2690 7427
7495 2719
4935 4036
7116 7250
5050 2250
6929 638
6486 710
781 6292
1975 1726
4197 6932
7121 1040
4579 1304
4066 666
7289 5914
3279 3495
3116 4004
5567 748
6151 828
687 5379
5565 3740
4454 1998
7149 3478
4333 5469
4312 5009
894 3546
3909 1138
1495 1668
4922 2589
3473 1240
410 3160
1495 663
6810 958
7232 46
7232 532
1757 2527
1829 4988
921 1427
646 1468
4990 5390
7345 165
3726 2970
870 2967
4760 1645
3721 796
5875 5921
3933 7449
6072 1708
3225 2176
1872 7118
7266 1883
789 4811
5372 1184
2392 1953
2522 6077
6886 238
5225 4463
6473 1966
3211 2576
6530 4388
3579 5112
6240 6433
5791 2861
1872 5962
4949 3913
601 6235
4221 6693
5373 1976
6808 1090
2380 2555
5065 983
4032 5044
4690 7251
3407 133
5476 1965
6842 2486
5940 6468
582 6030
2584 4982
771 2969
4387 3626
1556 2394
614 4314
2988 6684
953 4622
4643 947
3014 6363
987 5932
3354 2336
4194 5974
5240 1571
2848 2517
2706 6579
7070 7490
1104 4125
2733 703
6826 4208
4487 3828
1972 1298
4245 5486
5687 1967
6034 1688
1948 6884
811 4076
1131 2062
3793 6970
6662 5418
2365 5753
1194 5085
2741 4739
3191 1795
159 1667
1765 5026
6304 5708
3055 3831
3835 6131
7031 4062
1411 3694
6389 5459
1918 1032
2482 3139
3279 3435
5348 5022
4680 4374
4446 4545
2474 6850
882 2288
1552 4517
134 6439
4618 7479
217 3161
5743 1723
1490 5045
5485 4678
1709 5838
4129 5585
2784 3476
5074 6680
3948 2520
5717 4974
3138 33
415 2229
5744 5953
5507 449
5716 3201
3722 2254
5041 2214
2336 6500
5274 2845
6032 880
4007 2414
5037 2110
6312 6313
2424 3688
1834 4831
1541 2237
325 4844
5793 6747
4812 4561
3405 2107
6684 1389
3664 2773
5579 3558
3776 6105
7367 7430
290 915
2268 5867
2609 168
3054 5724
6686 6575
5790 5138
306 5670
2712 632
1164 4202
661 4252
3058 2342
3844 3398
5120 5952
6280 7000
3212 4569
4336 446
6822 2268
1483 7293
4652 6341
5721 3632
3544 4397
2217 4133
1165 6556
1412 5671
456 5772
639 5116
2598 1262
7170 3099
366 4132
6000 1762
7159 69
866 2827
6855 4271
1686 4399
1782 749
1679 2051
6379 5913
2934 6180
4596 5467
6456 4948
2897 2628
4870 7409
6784 4106
3088 4564
5013 6220
1133 4969
6323 3996
294 6748
6281 813
5960 1316
6094 4755
6187 7167
85 1300
685 6503
7263 5273
4004 7256
1192 3713
4999 7232
5450 2519
2851 4567
3313 5333
4875 3118
4514 7105
1807 4382
1090 1096
4661 6952
7163 2601
1411 496
3083 6046
1324 4461
3841 2085
5786 2401
2043 6413
5807 232
3864 3855
336 99
5716 2639
3467 6392
4276 3801
3232 5106
1847 954
3323 6258
6024 2843
3026 4444
1379 4075
491 4225
5101 1036
191 2957
3903 6113
3536 6496
1801 1606
1565 677
3001 5785
916 5269
1156 5245
912 339
1463 3667
27 1902
3507 6128
933 7135
4483 5102
5285 7074
7416 5212
6080 6730
273 4653
2428 7030
6084 1449
2220 913
5919 3350
4182 1304
651 1120
1247 5614
4062 216
3111 4398
3815 6252
2824 7477
4327 5603
7453 592
5541 3788
2180 4830
2362 5137
3360 2693
2008 2917
2125 2813
6253 3692
185 5944
4834 2901
5187 4017
1327 3376
3438 6319
555 6562
6924 6789
774 1591
2424 1168
1050 5792
4572 7471
377 3194
4782 6636
351 2281
3671 4332
5193 632
7090 3065
3872 7042
3784 1883
6614 1124
241 3049
3195 4685
732 2188
5820 1388
7385 4399
3996 4856
2352 1591
4807 2439
3512 3039
279 6580
4438 562
6116 5392
808 1586
3538 5961
244 6972
28 3221
3549 6801
5024 6126
2556 1467
6534 3988
5130 5021
3760 7343
1831 5600
5275 186
1189 5830
7114 2059
948 61
5654 5055
1492 3487
6433 3524
1548 6987
1748 2089
1537 2079
6056 657
3866 7198
5683 6843
1243 5435
4470 6464
7096 2281
1571 3198
6432 5689
1410 2840
220 2603
514 2416
4537 5171
3881 1426
3132 6343
1500 3440
3712 5066
5386 6255
4196 1582
1928 7250
3303 817
7257 6653
165 5433
136 7440
1130 128
4328 6101
949 5220
1125 4773
5304 3613
4430 7168
4931 5004
2508 4494
4004 1939
1158 4157
5198 557
6257 5248
6564 6808
6753 3227
2316 5206
1628 6093
4405 583
269 3842
3030 4050
5484 6818
6852 335
6284 6910
1992 4527
161 7352
3718 364
7499 6395
1322 6201
3966 2967
2662 461
4586 2857
2310 3305
1081 321
1290 2086
6668 232
1450 3311
2477 1599
2814 2930
1332 5549
4263 6946
1951 2197
2981 4521
122 4970
369 1551
3778 3890
2151 596
264 1105
4817 5460
3356 5583
6097 5866
4347 2656
7460 5282
1053 5988
1798 3169
4913 1748
5140 3348
6320 3409
5238 2134
7344 2179
2779 3912
4991 4812
7401 1288
2218 6282
5119 4579
3493 4040
2116 2715
5323 781
281 5533
6195 1691
7489 2091
6148 4462
7055 7069
3646 1844
7128 3345
5703 4441
3557 5252
2895 5381
2739 5037
1056 7115
6174 2277
6082 2819
4177 4188
1982 5294
6438 5968
7194 5562
2314 1345
5894 5909
1502 1034
1444 3486
420 3421
3742 1339
4145 1475
4711 3033
7026 7156
1588 970
984 2125
1350 7421
2645 5096
6268 3524
7298 41
3171 1387
3531 5225
2842 1681
4161 3928
4233 5380
4290 3990
3575 7293
5250 5770
3574 7082
4887 5637
6027 6852
4386 3167
4654 1006
4617 2542
212 5475
1982 2362
2646 3840
2208 6036
3301 78
2135 6123
2030 6134
7312 305
928 6547
6505 2115
685 466
4322 2257
5809 7138
5935 6542
5702 6825
1066 7435
4003 2586
6249 332
1476 5146
5361 6526
5802 4306
7244 3967
850 300
7400 1099
776 535
5692 2331
472 4324
6161 4192
5305 7199
6263 1273
313 4772
6297 4590
3362 442
3688 7394
4580 3905
5399 3289
1402 1169
2019 4114
961 4726
3380 3401
3976 7237
1257 2364
5005 3675
5538 1196
1116 6399
5277 6288
694 22
3393 7265
2711 4868
792 936
6760 2972
2294 7002
6023 3894
904 2698
5371 6171
4115 3864
1985 5423
5730 7088
3411 6685
4074 1067
3129 3160
2322 1472
5931 1963
7351 5507
6982 4125
5763 6232
1245 3326
6090 3225
6948 1802
5680 1418
2202 5361
5908 221
2141 4097
6624 3725
7383 3467
5975 5492
3950 1762
4796 4807
3783 4748
2955 4011
1887 6131
2591 1922
3003 5296
849 3302
7231 1949
2052 1436
188 7305
201 2613
2563 3033
5866 3307
2187 229
6925 2351
3753 6813
3761 6393
6504 2160
2732 6663
1989 1137
4324 2606
2420 5107
925 7073
3196 649
701 926
6583 4042
5227 4584
7314 2918
3571 6042
3873 5959
144 389
4227 3660
6610 6226
5035 6934
804 3384
1755 6827
746 1134
3237 1496
3772 3732
5773 6099
4135 6457
6676 3955
4643 1841
2789 3539
6356 826
1243 6309
3343 4077
558 2478
3978 7045
818 5906
1949 4969
209 5624
5856 3330
2543 2052
1509 5679
3558 3109
4273 1130
6870 3381
6848 5336
1233 1054
6982 4417
663 1996
5584 1219
7087 2606
5960 1639
5154 6259
7003 505
1476 1729
4373 5978
4392 2717
285 4909
2211 868
7122 5860
3868 4037
2985 6268
4466 4929
5644 2313
1886 7315
4617 206
773 2455
5132 1359
6008 2990
1041 5613
5960 3183
702 5826
3581 1669
4284 4099
6897 3814
578 3234
1376 804
5651 1874
2502 6955
3749 6806
2748 6680
1035 6739
7071 7253
1476 5794
1447 4072
684 553
7005 7325
5978 2657
4100 4796
4254 4776
5219 3599
956 3620
3624 5404
6317 5709
7384 5329
5365 5287
5807 5810
2456 2607
7017 3595
1455 5648
5846 4242
5473 3049
2239 2987
753 3686
1305 5131
2971 4256
1439 1285
3041 943
2320 1522
1585 354
3516 4305
573 2576
6165 759
6031 702
3029 3858
6049 43
5976 2297
4979 5031
2839 3931
2177 2289
2933 3321
472 4086
5071 3450
2058 1963
451 6631
783 4557
1569 125
1448 1059
383 4853
5548 6113
1224 4623
4520 6365
2244 7024
4451 5807
6416 4452
7316 3710
2806 5811
5438 2935
3191 5409
2802 6738
1862 5153
862 4588
1659 2189
2480 1538
5631 3183
7468 2618
4893 4512
4365 7092
5411 2555
716 1842
3017 531
342 5775
4624 612
912 1300
5132 2172
1039 6845
4845 2131
5888 1637
3254 1384
3991 7376
2108 1171
3461 1780
5893 4805
6968 5439
4306 3419
6345 5314
2872 3292
41 3481
4856 7178
1532 6404
5084 1813
1628 5936
4565 922
6580 2227
3847 5443
7236 4111
2141 1353
5541 5503
776 3232
1303 6794
7381 1686
4779 6187
142 569
4981 1225
5809 3782
2969 6735
3765 2746
5658 1636
864 2789
6856 5451
2103 3642
1976 4
3915 2627
3643 793
2816 4176
75 6277
179 4356
849 1340
76 494
2528 3521
3351 3851
3987 3652
6979 3036
6646 4846
42 479
4357 1520
37 1209
2278 2645
6145 2508
6181 3946
1271 3497
2991 3158
3958 5792
2913 3267
7497 7339
4649 3603
5430 5340
6028 3863
6521 4789
1177 4808
7340 3550
3828 1857
3701 3060
6891 4755
7182 1744
6115 6722
2086 2184
3498 6660
5420 7306
4309 6165
5924 5636
98 7207
4460 5874
4203 14
6627 2527
1609 1111
379 3023
4502 5077
1837 5485
3606 1609
2338 2010
761 5801
537 2892
5897 1617
641 4927
3408 1764
6874 5799
96 1309
4844 756
6615 1309
6173 5881
5817 2979
2480 6827
3738 4053
5949 3607
6674 4304
2071 6986
2239 7486
6175 5897
809 1891
296 6407
4371 6679
453 2218
2937 3736
5155 3515
5124 5725
3662 4816
2280 2752
2309 1815
3061 7263
6658 4167
6270 1195
7001 4721
5399 3886
3611 4402
2222 4969
5981 6294
4298 2402
6262 781
7079 1725
1201 6821
4987 2604
189 234
5104 5869
6844 6618
2016 192
5450 721
2448 4947
5263 2278
4589 6926
3733 5160
1935 1532
4215 5948
7059 899
4750 1103
6661 2016
2582 5685
5703 6839
6497 5198
1939 402
408 1344
779 1837
7094 5978
2892 1889
3702 6100
5729 1864
23 3082
4973 3267
2561 38
6005 4320
2066 2843
4000 1898
3184 1950
3107 1138
6044 4902
3901 5474
2948 232
3229 2676
1419 6362
7366 4839
724 5832
184 963
2790 203
184 666
1175 7020
1464 4201
7304 1423
3742 6732
492 6507
5639 7390
7342 3018
2693 6332
5690 6888
1371 4868
5017 4696
6328 7445
1442 5737
17 1826
6077 109
139 6257
2536 2025
476 1332
3815 6710
1393 1143
5052 3208
1360 5740
2278 2621
4966 4171
3208 1911
300 469
5649 7052
6949 137
7214 1533
3675 540
3851 883
3456 2361
1632 4066
4184 2704
6752 410
2854 968
5727 2643
2665 2536
3911 1528
3823 870
3793 7184
774 3310
538 2951
6381 5075
3045 2769
6852 5359
5996 2834
5319 6071
4968 3457
2233 5223
4884 1562
2623 2088
295 323
964 486
4258 768
109 5629
6861 4450
2090 6847
4267 2211
5431 2976
2641 4388
3525 1676
5659 6727
4854 1139
4935 3141
1546 3163
4965 2198
895 1334
6600 2045
4287 2004
397 2442
3344 490
4900 4007
2484 6984
13 6730
362 3889
2882 6734
621 108
3381 2540
6580 5180
5079 2834
1477 1805
4725 3347
4310 3794
6769 342
3485 1488
521 5532
7125 4461
2169 5534
2814 4447
1182 6508
4403 1252
1597 2021
6318 4380
2825 1143
1732 5719
256 886
4884 4306
3436 4348
3028 5599
3579 1065
2299 1015
5985 4017
1368 2610
2009 7272
160 7487
2395 3621
134 3062
7160 6647
558 2386
6531 3998
1296 4971
4199 6565
4226 7148
6570 198
5876 7075
6241 6651
3228 503
2123 3808
5471 957
3234 5554
4174 1964
4380 493
2116 6402
2377 5971
6853 1678
2971 7242
2744 668
105 5728
6337 6491
6021 3400
7055 3806
3130 2253
2554 5885
5301 3202
3572 6392
3696 3689
5808 5739
2076 372
1200 2891
1005 1766
5648 1145
3687 3219
2916 1709
1989 6065
4157 1238
712 4382
240 4873
1995 5294
4406 6687
1011 613
1362 4872
4635 3867
7112 234
1487 6717
3371 6017
5663 1059
6369 7157
738 1577
1456 4389
4410 1929
5755 6922
1593 2138
564 6510
2051 1147
2854 5951
3404 2428
1136 1909
2599 4572
3809 6126
2224 2089
2435 5674
5731 2539
2596 5532
5915 678
1697 5335
2769 6296
3716 7298
5540 3669
5551 6445
5780 6426
5642 1521
4629 7099
3598 1011
906 3065
175 2847
3983 6729
6384 1414
2902 5337
4735 6558
2010 4435
5727 31
3467 6249
700 5717
2180 5660
4209 4127
287 4954
1075 3458
624 3818
5086 4814
1935 7082
5647 1600
595 5215
4845 2489
5067 5081
3900 2431
2171 622
1169 629
5918 485
18 7381
5672 7276
875 5996
1038 1356
822 4707
2080 6025
6470 7328
1236 4376
6458 3443
5214 1526
5483 4827
174 5578
2834 3767
3853 1031
414 1311
5199 7264
6233 7312
5140 6028
2266 3262
349 4478
6262 5804
5142 821
4930 574
7488 652
450 7410
7410 855
6556 1519
3837 3097
7326 2209
3826 1712
2990 4046
5197 3215
5590 5048
1049 1172
2084 2199
6162 2968
5441 4219
1551 2447
2041 4819
4932 3997
6691 1019
803 4445
2590 6446
6950 5429
943 6523
7310 4412
1664 4340
602 6696
5669 2216
3657 7061
6520 3792
4643 3623
5391 1874
1497 2479
5686 7137
6417 399
518 2856
3573 4214
3078 2531
7247 3733
2552 675
5357 730
320 4878
330 3799
1226 6429
2235 3832
4339 3761
1266 3269
2545 1952
6920 6838
4252 5156
2608 4488
352 3159
6462 25
5777 2198
5741 479
6052 6507
2095 6453
1686 5331
3126 722
6192 3680
6321 1059
1380 7300
989 1856
3247 2274
4548 2873
2312 6775
3198 1465
657 1106
3221 5865
4940 7303
1620 6867
4889 5440
1393 2500
3922 5147
3579 4245
479 5953
2468 6897
6432 4595
6848 2295
1204 53
4695 6137
2114 2355
6731 6605
3466 6882
6322 3553
6760 561
876 6984
702 4283
1163 5946
4362 1742
5972 2044
158 3162
7108 5957
3936 2515
2819 4068
1459 4061
1430 6639
1091 5629
2162 6417
4343 3664
559 1763
4653 4237
4876 3542
1504 1221
1863 1846
2560 4549
501 6795
4146 6055
3630 3681
5439 745
5826 887
4997 3293
4824 285
4832 5109
6592 3417
203 2905
1791 653
7238 1451
3049 1559
1558 3474
4422 7246
4194 6268
1634 2835
1017 1064
6080 3613
3346 5816
4272 4657
181 3378
3206 4083
1217 4053
4235 5223
1083 4603
467 6156
6791 3287
2595 587
3531 7398
1158 1785
3967 4282
6524 178
2284 3315
7257 5653
7371 4699
1267 3609
7355 4446
6437 1231
3687 3454
5378 5514
3102 6835
4666 6516
4836 4036
2579 616
4505 4711
986 3078
1647 6537
113 2736
3228 3991
7287 7330
6817 7029
5134 2881
5302 3372
2291 2620
3517 3556
1052 6157
1812 2986
5695 809
5116 2755
3906 1009
1576 1652
82 1682
4417 1849
7290 1515
3660 5763
7270 5953
4204 6872
2535 5061
5778 2102
1070 5307
4267 6902
1773 2224
2219 4640
7294 221
4939 2026
3580 1084
4684 4489
5675 7105
2546 6644
3005 6619
2864 4336
2467 5757
3139 3506
3602 2225
3665 5172
7378 4113
3845 3222
5715 5712
1441 4049
4570 7130
3422 5493
6909 3860
7423 2193
4864 258
197 2273
4921 1701
3479 2443
7022 119
4616 6804
6943 2625
1397 4597
6929 800
7095 6019
1187 2993
5743 805
3370 4293
713 3188
3039 3430
1376 4742
4222 1843
831 5879
1708 7320
1386 1550
4021 6253
764 72
4716 1661
1151 1969
4111 45
7327 6800
5478 356
1726 1610
971 6610
3146 4870
6457 4291
224 928
6923 3407
6200 101
1057 5883
1206 3979
4706 5417
5898 3396
5832 5359
5856 1367
347 3616
1592 1904
7260 1582
2592 4133
6947 7403
4715 4735
5593 5495
6324 2729
1586 7425
4149 7440
2585 7327
6303 2442
169 2954
3972 7254
5574 359
6291 7455
791 2754
2794 1310
604 5497
3079 1196
1105 26
5375 91
1830 2405
7228 4591
7453 5290
4205 2661
4179 6548
541 2239
5872 4879
6775 4033
3023 1698
6494 5679
1760 5312
2827 1671
6133 3015
1446 4992
544 7141
2438 4142
1375 888
286 4644
1228 3429
5425 1815
3869 4259
4673 5148
6281 4958
6641 4058
1544 997
4676 331
2499 1061
1295 5880
3518 629
7187 5253
1933 236
7490 3478
4891 7486
2551 5054
3466 384
6928 5989
2002 5416
1601 3377
3369 5893
1967 595
5018 6459
591 1314
4621 200
5961 5043
2632 1585
5156 4388
808 4024
4426 398
4056 4840
294 5601
3902 4425
3611 6427
5216 319
6550 4519
5747 6035
6790 5405
2975 6518
707 3489
955 1718
1536 3282
3121 6940
738 1276
1710 3813
7089 6100
7098 5804
2938 6133
3828 7366
5758 7400
2672 5096
4724 3110
4540 4819
1725 6931
6455 1498
726 6214
3984 7347
4013 6358
6713 6767
6021 4621
1159 4977
1481 6814
1311 46
4844 205
5266 4504
4020 4184
4584 5987
2593 3906
5789 401
1241 2963
6508 7147
1815 1849
4908 1061
2193 2247
875 967
3428 7160
7448 5003
4899 6316
162 5027
3233 2175
3564 1220
6182 6183
4907 3910
2061 4588
6945 4725
1814 1273
4999 7122
2439 3291
3697 1265
4653 5335
1175 7329
2826 6364
172 2186
6086 838
2318 2707
1087 911
4400 866
6304 6466
3282 4823
3666 7158
1590 1131
3523 4023
568 3754
4679 1202
5512 7335
6228 2748
2434 5615
5697 210
5834 5828
6525 7459
3135 6014
2811 7171
5650 2788
762 6093
3982 3481
1363 7341
1438 2602
5214 5698
1028 5378
1761 6754
2459 4790
4152 5751
7394 277
1093 4550
370 4308
3241 4782
1816 5747
77 6385
5705 2797
1641 2763
5434 6493
3926 6482
6314 1112
2189 7373
3676 4656
5205 3
3451 3944
4400 5507
3661 892
6169 1554
1861 2384
3413 7085
4826 2204
5921 4009
2874 3302
5909 4543
7457 1746
1688 5011
1357 4835
2899 4433
5837 4331
6090 6597
1405 1933
5954 4745
801 5993
3770 786
2025 4888
7488 3916
645 3878
4522 4784
2699 304
7141 7030
1901 2765
4227 308
1786 6953
2182 1221
729 3004
5159 7288
3033 6044
6768 174
3642 3115
6454 4078
26 3598
50 1272
1308 5590
677 6369
6583 2757
474 6801
3578 3971
3791 5741
3119 441
2429 1900
5862 6142
4919 1383
2945 360
4471 2197
4624 4323
5164 3937
2573 2689
1656 7248
1504 7274
6759 1614
2464 7211
4418 5836
3668 4567
6130 2268
2112 3429
6664 2914
1422 5686
2747 1134
2030 187
4061 4536
6468 1777
1879 6926
6316 81
3 447
2714 1646
4964 5635
5312 505
3888 4883
1590 2304
3162 5412
6880 2590
3542 1692
6255 7476
371 252
2458 3227
1685 7091
4934 2838
2267 5719
163 2087
4259 2905
6345 1185
4463 1065
4090 5814
1921 3097
5651 3337
6935 6716
2893 6111
7446 2353
1374 376
5186 180
7195 2791
5559 5566
7318 2427
915 6921
5592 6612
667 3253
4091 6925
4461 2360
427 5249
2369 7043
777 973
3556 1875
217 5731
6926 213
4203 6553
5311 2179
4731 3141
1398 855
6733 6573
1351 4875
2270 6735
3681 4902
3273 1249
2120 4528
198 7494
2035 6722
1589 6413
5973 4204
4096 3859
3632 2331
2920 7317
4842 264
5506 4054
1560 4924
426 5434
5349 4993
3835 1838
280 5494
4759 7500
203 4018
242 751
5813 2192
1672 67
958 7135
4680 3814
7290 2377
6908 2001
5873 1362
1222 2008
5663 3947
5115 6639
636 4278
112 2105
5432 5126
4715 6805
1591 2906
3340 5932
283 722
7313 5410
7338 5265
1198 423
2144 2822
5453 1646
1092 4198
1962 2546
4203 7433
2312 6462
6571 7068
493 7436
2550 5844
100 4100
4337 2329
1891 367
746 1210
2349 2877
3921 4414
6280 6786
6732 2207
1793 670
635 143
3919 6621
1486 89
5448 6598
3373 5857
1731 5040
3906 6188
6937 4713
6903 1199
4155 2629
2884 1011
5101 5616
3825 6354
448 2761
591 3743
1517 7173
6378 7186
311 712
5497 7217
956 4821
4364 5560
6466 3670
440 5800
2559 7312
1492 283
7132 2859
2826 5060
4560 4554
6505 3674
44 2017
4904 6374
2348 978
5962 4591
2079 5487
3218 7382
3365 5595
720 7142
246 5498
5097 736
470 472
4783 6956
4668 6989
665 4002
6442 6892
5653 238
2227 1793
2618 6258
6506 4808
2635 2493
3386 4757
4749 6522
3459 6171
2610 7247
6687 1433
4229 365
284 5027
6617 5366
5197 789
2273 92
2670 1692
7107 5830
7271 221
3132 3762
2976 4317
1606 4998
485 4707
124 7100
6622 6900
6656 6991
2995 2682
7067 475
4907 272
5874 4511
2653 6355
2006 7103
656 1973
5550 462
2233 1021
455 6449
3288 422
6941 3093
4295 6314
7331 4333
4027 4084
2625 4115
5656 6025
2451 386
7221 7038
1838 2222
575 3172
7010 3047
1298 1996
5829 6447
250 2569
2253 1771
3229 4630
651 5076
3757 5042
4219 5446
2899 4171
2642 7278
4431 230
5014 271
3201 5442
1409 5611
1577 6104
502 5358
2879 3551
380 5501
7410 5252
5655 430
4823 3995
5135 2931
1941 4753
6519 3938
4223 6771
1401 5498
6477 5352
4290 4733
4415 5008
588 1642
7205 3062
4198 6944
5663 1452
6828 5566
3443 4957
6369 5637
3593 7240
3576 5236
7380 3762
4704 492
3712 6999
6430 1568
3484 2177
3482 5706
6637 4882
239 155
6876 6522
6864 4647
2507 2628
1193 2687
2360 3876
4305 6728
5153 5010
3400 3182
2931 3715
5470 6980
3613 5681
5434 3752
226 5816
4058 5199
4810 5810
2299 5982
4372 3091
1707 6104
5551 6913
6719 4862
4530 4063
2404 1021
5357 6919
94 2897
1118 6138
20 436
6824 1700
1803 3098
3691 6338
2427 5355
4535 4308
4607 5270
1331 3479
2359 1996
3862 5964
7028 3979
5077 361
4448 7033
3237 5705
5066 4963
7261 688
2866 3269
2989 6899
4963 639
3942 3522
985 5639
6406 1576
7032 5710
6075 1260
2059 4501
3104 6863
4452 7359
3010 5082
2451 6769
98 146
6329 5006
7041 6783
1683 2915
2566 3022
3661 4930
3471 3648
6569 5954
2972 930
7156 5469
6285 4279
3817 1563
3469 4299
7291 166
5621 3590
6386 420
3451 7200
1947 3115
3960 235
2056 5664
5251 783
7093 6552
3129 1162
6763 2056
6250 5016
2476 2723
2269 5894
5191 3928
564 6775
4389 5785
7206 1926
5790 5528
2267 4778
2721 5612
3231 2443
3185 869
1322 2753
1004 4050
7459 2092
935 5492
7429 5458
7358 6047
3658 6936
106 1550
2166 6303
7321 1452
7174 5437
4964 5876
935 4536
891 6126
6898 7047
6146 5970
3513 2666
6076 5113
3786 1395
6737 832
5647 7064
7373 1910
504 1308
5924 2567
3584 3920
4575 374
4334 6541
4483 6696
3677 1651
3073 6443
2206 2297
3164 5738
6956 5327
1170 1557
2865 6564
6310 61
6025 1187
582 3488
5011 4412
4631 2240
3109 1306
6692 1125
3140 2594
4139 3924
3318 2478
4365 7271
7482 1436
7325 5499
2918 918
991 5199
1134 6666
3751 3648
5404 745
594 4746
6714 4195
6032 6777
6497 3043
1946 3819
1889 6997
2128 2232
2462 2090
5247 2406
3815 966
3379 4681
3856 7023
6744 3662
5364 1309
3454 4473
1861 4669
2787 6847
6847 4165
573 1348
1512 1094
6717 1118
622 795
4574 531
5529 6812
2276 5699
3978 3785
7256 4253
1027 7413
3655 958
1817 6667
7020 5060
4246 5277
6693 1090
156 5431
694 6859
1746 4116
3283 3750
4064 6527
4720 4593
4848 3146
3128 6865
2384 1299
2469 4916
2364 933
5411 2969
3627 1212
2097 7102
1816 6669
4029 966
1302 606
7123 3628
6193 3412
5820 1499
2845 4267
6730 2182
6674 3847
6890 5728
6351 1950
350 2936
3403 4436
2959 4149
5190 5900
4930 3650
6059 2512
1741 1188
3438 6591
7119 1261
7461 2554
2528 2611
6994 2039
2147 5003
7182 4180
328 127
3108 6997
3478 187
467 6046
227 6551
3056 4332
145 5301
5650 6614
5750 4684
6986 1503
6959 4737
2649 64
319 4962
1190 53
413 5631
876 6950
1907 4637
6575 751
7420 6192
2348 2120
6120 4477
1327 6348
5529 1813
6759 3455
4675 66
7152 795
4632 822
4795 4092
5120 7290
2481 5917
4474 115
4524 849
5539 3529
3514 4884
3980 2154
2226 1132
3545 548
600 5902
4581 341
5306 3151
2347 1592
5089 6977
2338 355
1777 6740
5827 1525
1638 4779
1478 1315
2285 6186
6524 2791
2782 7239
1094 5019
6629 2632
3505 7305
5866 1472
3051 3271
3165 926
7468 5822
6178 3111
1615 7277
1454 5685
4558 1899
1914 548
5465 3416
131 2344
5767 2634
287 2850
5565 2164
4165 615
139 6667
3085 145
3698 7296
5698 402
1581 6347
1340 7467
4586 3964
2529 4458
4547 7414
116 6642
3164 6070
1791 1747
2869 7492
879 6824
2560 4080
5797 3127
5678 2045
2716 5968
293 7308
5968 5816
243 6368
3816 523
2976 1598
3703 1555
6104 2234
5157 5612
634 4405
7408 6586
6577 1625
2753 3218
4887 2942
5051 6205
3873 5100
2392 5103
6526 2410
1223 1769
5853 3922
810 3833
3541 6
6668 6566
2806 6537
7330 3736
640 6742
1994 3676
4375 6766
7408 1391
6769 4894
5375 354
5024 6706
1513 2417
3642 1753
5915 7323
1014 7036
1538 3939
3840 5886
3901 3846
2178 7176
322 5310
71 6559
5485 1320
6844 6846
5847 5347
5438 1654
3848 1477
610 5933
2583 5195
2131 2038
3469 1797
961 3340
2892 975
6870 3766
2730 5033
2448 412
7239 1216
7345 2743
5476 1661
6491 2683
5012 4283
1871 5076
1048 5446
5025 7230
5667 5822
4272 4098
1217 2181
6305 6168
5971 1300
3600 3130
1589 2790
7233 7194
5441 3487
2033 747
4228 5858
2105 900
4747 2783
3582 7349
3285 985
348 2952
5229 5185
6389 1531
3909 4491
3161 1223
3173 2401
2612 2132
4288 5666
4710 2441
1222 5237
1480 5018
4051 2929
4367 7024
5403 7405
4465 7195
990 6219
2441 3739
1926 4639
1681 2408
6623 6019
2005 109
3590 5083
4605 1648
1087 4559
3187 3785
5427 2324
3911 2703
1511 3968
795 2783
5686 1527
2782 325
4358 4192
1450 1386
4503 5173
1629 3623
2311 47
2023 494
153 3100
1156 5802
3216 355
1131 1781
1780 1804
5119 2946
4608 21
5847 1299
6992 7225
2756 2792
6223 6701
171 7388
6232 1107
6676 152
6537 474
2656 6275
4997 1109
3885 5764
6883 459
5005 3319
1033 1975
6056 1282
1023 6796
2040 2170
2015 662
3673 2448
10 6696
3875 5782
6927 3382
1735 4344
782 6215
291 5131
2872 856
6541 24
2287 6622
4358 2525
2722 6816
4965 2577
6957 4078
3908 2633
862 7272
4639 2053
5641 5981
6465 3656
3301 3547
7177 3073
6438 1658
3502 4469
6206 2148
67 5368
1822 5366
5922 5106
440 4685
5508 6728
2040 473
2437 6534
7044 6953
4858 2731
6276 551
2725 1897
3192 5760
6937 7118
3372 5624
3963 767
5181 4068
6965 5607
2317 2136
1868 6672
1274 4807
6736 1119
3395 6068
3861 3532
4547 2991
333 1993
4698 3042
2297 5159
1213 5346
4677 496
2359 3178
1746 2680
921 4498
7066 2977
5216 5729
442 6601
4908 4503
3756 6549
3451 4851
2464 6269
6296 3900
1781 2882
1209 6530
6982 3423
1024 4822
2206 2027
324 1083
5609 1904
2846 3016
1768 7
425 1923
2104 4636
7307 6502
6343 6073
636 3679
533 2808
6503 11
3048 154
5430 2524
5313 965
3368 728
4937 3615
1939 2102
5859 752
3920 2951
4367 1205
552 2887
1067 7276
2118 7414
630 2932
2432 1616
6300 5362
669 4576
5432 4459
491 6837
1462 2630
2460 2815
949 5300
1283 3714
4697 2548
1368 5502
6217 3934
754 6464
6939 7058
1376 2070
3947 5598
3287 4120
7393 3297
1516 4138
3885 5989
2280 2346
2786 7099
6951 6668
7324 18
6486 6157
5850 7037
1539 7216
31 3888
297 1373
2742 1656
4895 6232
357 2302
6709 6526
5533 5599
255 3840
2101 5797
3497 1174
3152 5703
5707 6033
5032 4774
5839 1718
2082 5233
2858 6590
4039 4918
5926 5544
1233 823
523 3272
2684 1505
4491 4500
7493 4323
5212 4791
7053 6835
3083 903
6182 4274
5295 88
1549 4559
5510 1469
1016 3259
6333 2258
4731 5721
6416 322
7481 4577
3854 2487
3377 2548
1594 1150
5212 2378
3918 6518
2452 577
6496 3452
3582 1754
2526 7191
6198 3205
2867 1250
7171 3038
6106 6581
2758 2793
5278 6694
4191 3733
1278 897
2718 5070
424 77
656 4835
835 6136
6221 4280
1534 2927
6560 4644
1304 2230
5466 5408
6301 346
4121 6095
4138 3545
1199 6703
2712 3636
194 2471
5297 4563
4675 7001
7485 6403
5672 339
2705 1062
804 889
85 5058
6624 7069
4845 4158
2800 5166
5626 4129
1180 1694
6911 3589
4282 1434
5450 4935
6078 6271
714 2479
7466 1556
5312 509
485 2577
1674 4481
2151 5649
3439 5087
4732 5449
6803 3617
7213 1080
1920 5233
6833 920
5022 672
1259 5207
6225 6269
6173 3634
1493 4392
2021 3203
2806 6917
4197 7056
3415 5099
840 1878
1253 2419
216 2596
6509 3204
6038 4485
1580 315
7164 5266
1014 1219
683 1178
1596 4600
4443 5939
2508 5845
1868 3463
59 6853
6516 679
4304 7011
2081 972
1875 969
6052 2848
4136 6686
6630 2575
1063 931
489 6718
97 3774
4374 817
4894 3273
4415 2844
1411 373
2336 4318
1520 4544
1863 3186
3719 1242
1455 5975
5850 3305
6587 3187
584 4896
3435 4960
3156 6695
3350 1054
6447 611
6540 2506
833 6250
5358 6708
7320 7460
15 1124
3772 407
4146 2174
2101 1413
2862 6906
520 2765
5032 2907
6130 4889
1926 5141
4297 5577
3105 1034
846 1633
265 3727
1559 1130
5759 3021
168 3650
3275 1529
3293 2168
5632 6115
3135 3870
6260 2426
1318 4436
2064 5432
829 2774
6907 4626
4641 1057
7318 6517
1256 4640
2303 3050
6740 4244
5965 4076
2570 5727
5165 5553
4450 4279
5180 4292
4952 3989
1315 1348
2184 3527
2800 5334
5019 5472
5436 3490
3384 418
2082 5575
5028 4909
2215 5243
2983 6796
5892 2205
6904 4962
1342 55
3224 1517
5406 5661
5308 923
5911 327
645 2118
7139 7229
5534 6057
3896 6833
3493 1869
2423 5155
6771 900
744 6229
654 4122
1862 6436
3486 1567
5964 6236
261 5255
4031 7269
3427 959
855 1622
6996 5646
4089 5504
1218 2605
7149 1821
4026 7268
5602 5
247 1416
3851 71
552 1482
5713 4199
2634 3513
3802 5107
1097 784
5078 5787
884 3523
1940 7179
513 4497
1279 5562
573 7249
2374 114
1058 1162
780 104
2231 6615
2858 2719
3412 2526
6243 7477
3587 1136
4939 7227
6146 174
1523 1397
6217 1952
7434 984
4019 4213
6040 1053
1863 1744
290 5574
3012 2799
262 405
4764 5239
1820 815
4153 3575
1757 888
623 2013
6399 7150
1934 6620
6350 6178
4425 5854
3210 2330
4018 5662
6756 2296
1812 693
2092 2318
3656 4464
3202 1087
6211 5144
4564 3940
5797 2098
5048 1202
5636 3651
2743 2750
511 5228
1766 4280
3193 4948
5742 1229
3516 3886
647 1358
671 5172
6649 2859
5179 4374
2908 5308
2133 7338
5761 4810
6105 2991
5748 1250
2540 214
3086 7220
433 4591
392 2674
5517 2863
5804 2785
6172 235
239 3744
4740 2433
4784 301
5793 5778
4181 6185
2109 2388
944 2805
2173 2098
5352 6547
6795 6708
5208 2599
1195 1220
7125 4657
6368 592
5328 4052
5969 1148
453 5635
911 1931
5299 2274
2039 3248
6964 1745
6850 1592
5183 7401
964 685
4847 3144
3309 815
1777 4310
2603 5358
7309 253
4428 7289
2925 6177
3433 7406
2204 6515
1619 2616
5320 1976
5315 3126
250 7485
4803 2463
5737 3936
5058 3695
7162 2832
2387 1263
3856 4231
4512 2503
5560 6585
4335 5678
2165 7015
2270 52
5535 1752
5243 6247
1489 4456
2857 1353
2796 1354
1610 5123
5680 1616
6828 4054
6553 4621
5072 1719
5333 3609
2896 5848
4981 4850
7456 6359
784 7180
6767 6617
4410 3165
4165 7470
2856 5182
6094 3064
3846 2883
3150 4276
3838 1432
5171 3223
439 5048
6454 6832
5984 2489
320 7117
6532 5200
480 1193
3155 5334
2359 1162
5415 927
7101 839
4752 2810
4977 4594
3381 2384
7222 1848
104 6082
1102 2868
4750 1149
4751 3341
2828 4480
2574 5695
3766 4324
5185 4104
664 3921
1988 411
6921 344
3959 7299
220 5139
4248 1261
6607 6849
3529 6905
6123 2486
2709 7317
7018 7147
1956 2415
495 4236
6886 4514
6004 4748
1214 6804
1540 1452
2337 607
5752 2718
977 711
857 3687
931 4620
4474 1484
2212 3510
2194 1925
90 2762
6190 3223
3069 204
5857 936
2917 6300
1850 6815
5883 5324
635 428
5090 1284
6309 7010
1969 2173
3987 1093
6648 2952
827 2327
7412 2881
4084 1643
1077 2328
2115 4702
7397 5895
864 7487
7019 7043
4916 681
1001 2664
4313 5910
2156 2920
2778 643
1893 624
3203 1519
6234 7496
2017 964
6510 3402
1598 5455
4838 6467
6271 7273
6196 3341
1669 7301
1964 5341
3945 171
3096 802
969 265
286 2024
4980 1208
110 7421
1713 1252
2933 7293
4757 1276
4014 2413
6780 3738
7059 4466
1623 4491
3854 7264
5505 5383
4123 4020
3798 2928
7057 2385
4091 149
892 1481
1064 2145
1635 688
6938 4994
298 2557
3103 5551
7281 507
5326 96
6587 4651
1351 2029
6995 2678
1023 2161
2391 1818
6861 2451
4224 1140
3612 4723
5145 2577
1664 3555
4292 3025
6344 6085
4974 5135
901 1593
5046 5442
3134 3835
2068 565
4354 3953
6214 2450
1291 5235
531 2915
4592 3527
5356 2781
3583 3524
3213 7324
421 841
3548 3052
5798 6765
614 1663
3320 624
769 1528
7434 323
6704 3981
213 1104
6716 3256
1860 1735
3037 7063
5958 5010
2903 3405
975 4158
5167 571
1650 417
3693 2954
868 6724
2075 2432
6625 6918
5231 1464
6270 7457
6087 962
452 5681
4195 775
3856 4021
2958 4744
1424 3082
1761 4028
528 3410
5800 6823
2587 7045
3587 2919
7252 843
7272 5452
4077 5162
772 545
5726 4171
1936 6435
3896 7253
2831 2924
4487 1112
7172 7479
5761 5908
5444 959
5631 5826
5707 7081
673 407
4469 6589
2310 6269
3449 5792
4069 4140
6840 5261
544 941
6567 6776
3255 7282
6211 3074
2607 6620
4993 5337
3061 3124
6930 2279
3141 765
7021 2958
3397 5903
6149 6092
3209 1612
6377 3776
393 6972
6422 6274
6317 1844
596 3300
1912 6352
6017 4627
4350 1183
2387 5381
787 353
571 919
7388 1351
2525 3780
1553 6224
4904 952
5735 350

