120 78
53 79
110 90
72 94
67 29
31 98
59 22
66 26
39 101
120 107
27 71
2 18
14 20
75 101
7 37
89 104
7 57
23 118
42 108
38 12
5 54
50 2
92 74
63 40
23 117
5 24
26 98
97 91
37 52
48 94
70 55
39 1
13 106
74 102
13 118
47 35
56 46
69 54
115 57
28 1
47 55
60 36
70 109
106 78
80 64
50 116
112 103
84 44
13 85
33 20
87 61
22 77
75 60
40 5
109 19
56 58
120 88
59 11
26 11
111 45
72 99
14 17
59 27
74 56
73 62
36 88
118 44
35 40
65 62
3 93
61 104
30 21
89 29
81 49
17 46
15 100
6 8
114 51
102 41
38 85
30 100
82 45
43 80
53 21
92 63
34 106
116 25
48 68
96 39
102 32
86 48
32 1
116 72
41 66
10 90
16 110
80 58
89 25
46 110
99 8
50 100
78 92
97 94
108 62
28 76
11 52
81 119
4 64
109 51
83 75
49 77
112 35
37 9
45 14
53 95
113 78
97 105
22 3
63 21
17 108

