650 348
140 75
311 514
247 207
592 325
617 122
357 309
527 613
155 282
290 569
504 259
132 176
575 160
40 523
601 572
416 35
85 21
332 189
289 5
577 170
199 491
301 291
499 432
590 628
184 89
470 377
106 504
600 583
621 213
228 172
284 118
6 566
59 421
619 585
625 591
197 10
549 87
373 88
384 196
538 454
62 144
329 454
353 47
569 32
511 451
45 456
481 135
562 90
133 353
613 183
186 88
19 557
369 620
356 479
327 539
26 572
293 461
277 32
554 608
350 105
242 190
163 344
378 556
193 49
323 392
167 12
634 296
277 617
338 490
158 478
500 133
366 532
66 361
73 174
381 494
258 336
279 577
287 8
602 492
196 455
649 94
223 473
189 428
506 26
89 323
310 265
447 516
590 646
507 580
375 524
8 203
319 170
438 636
528 130
493 229
596 48
360 151
189 219
414 475
403 642
108 336
75 246
367 77
251 584
223 272
365 187
466 267
180 335
53 187
642 397
647 313
200 614
231 395
75 526
358 107
136 365
523 358
286 296
167 547
175 82
305 541
222 269
393 283
106 306
510 137
444 640
56 47
525 150
539 234
155 162
101 380
607 579
305 5
146 505
630 197
87 28
439 457
83 516
232 121
471 95
92 25
394 630
286 182
340 221
235 552
540 573
119 545
27 317
190 401
187 121
412 424
548 431
277 521
46 270
191 649
192 205
194 271
113 438
522 227
495 339
175 374
528 358
46 359
387 220
498 486
315 254
15 557
316 426
427 483
167 444
202 543
274 435
422 409
517 177
312 103
262 139
628 586
534 590
637 594
644 367
102 430
626 403
645 553
587 255
333 384
171 637
386 621
650 285
300 192
469 39
10 387
459 646
365 599
421 89
295 482
596 222
489 579
304 412
216 63
355 433
572 154
107 597
211 607
586 73
236 134
451 16
368 137
480 299
98 470
69 534
319 169
407 209
48 17
248 396
168 311
410 113
534 551
245 605
622 318
210 424
125 276
514 486
234 598
567 191
532 37
383 329
150 354
540 380
43 610
585 168
477 294
295 632
479 512
533 595
499 453
605 188
147 341
12 39
553 36
629 342
404 525
123 463
288 475
50 423
323 101
58 269
226 458
399 382
603 228
577 243
195 343
154 297
593 15
28 626
363 598
470 518
531 611
152 297
620 388
503 274
435 544
148 151
302 55
614 278
55 344
285 356
398 594
306 558
345 510
274 595
110 468
325 450
120 588
292 562
528 97
98 525
288 215
555 447
245 166
184 223
86 529
371 503
211 126
11 202
526 421
7 564
44 640
235 218
18 417
10 45
564 66
40 355
328 157
638 197
214 65
233 129
199 347
416 221
291 380
264 144
79 281
276 584
517 566
287 643
15 66
234 339
329 331
563 600
59 95
224 571
560 72
179 56
524 374
617 503
142 322
513 211
369 545
128 522
16 64
289 410
260 404
22 523
540 379
346 245
348 561
616 513
628 217
4 186
180 254
54 592
342 325
62 201
460 407
618 362
165 51
288 496
381 611
541 117
436 461
129 134
638 208
233 108
250 18
607 205
391 527
253 389
76 464
42 207
479 593
332 41
36 433
412 244
369 383
52 53
378 381
168 177
599 609
276 90
619 604
206 559
110 119
206 502
574 266
442 635
81 489
33 573
594 521
31 489
149 295
97 338
364 639
242 543
496 185
290 382
198 409
328 202
521 498
425 69
372 393
122 574
507 347
449 154
8 317
485 164
26 406
505 340
359 347
608 370
21 353
597 131
83 402
320 52
239 230
137 217
111 463
481 631
434 227
598 340
420 359
294 79
261 500
588 357
397 136
117 635
448 352
260 536
138 400
312 70
30 165
63 647
520 281
184 270
506 562
509 94
114 334
299 84
335 42
19 273
498 22
455 530
278 420
453 548
178 378
69 270
337 386
437 345
324 214
156 39
618 497
509 34
497 561
177 159
587 367
252 280
331 179
588 440
441 582
623 71
13 626
409 371
126 90
429 602
541 452
23 120
431 307
416 446
362 273
571 56
445 116
403 441
530 400
494 576
389 364
350 564
143 638
486 145
115 537
324 80
74 591
84 433
362 124
7 235
41 648
236 160
581 559
259 216
615 161
467 543
176 487
298 414
278 20
131 216
308 175
386 471
203 59
565 230
256 608
337 641
571 363
332 589
526 596
631 452
247 240
215 546
392 109
224 46
514 391
556 67
132 97
589 346
400 633
533 419
3 396
22 169
623 388
143 32
51 544
64 237
570 446
182 4
610 601
612 126
229 1
502 462
55 529
316 21
141 494
145 496
476 399
368 351
580 622
385 100
238 102
38 143
226 477
300 303
559 408
482 244
228 454
99 360
70 308
427 209
583 488
108 516
478 135
283 490
249 474
263 62
430 194
568 273
204 1
580 181
385 310
363 324
251 263
3 208
114 611
298 578
96 501
429 185
482 92
545 592
206 569
531 551
488 224
436 484
360 488
585 193
480 390
466 249
415 544
361 466
314 80
452 531
542 48
515 131
339 195
123 583
376 472
589 244
162 127
95 76
502 349
134 230
609 465
141 293
29 410
284 196
64 366
535 374
554 472
110 93
257 1
61 497
112 302
352 604
472 217
212 631
29 209
364 602
355 238
587 120
104 456
595 341
582 366
481 443
335 620
100 432
284 425
632 627
321 159
91 459
136 292
182 162
153 152
163 54
485 429
418 613
142 193
225 141
115 57
257 290
395 101
557 129
214 96
94 13
331 292
371 524
393 268
582 550
527 624
395 439
405 63
161 560
579 275
344 24
615 584
151 60
449 508
2 639
624 57
169 19
469 434
298 262
634 53
625 203
33 68
236 294
50 396
49 241
173 432
9 471
606 573
605 38
247 116
280 368
18 178
469 311
100 47
411 285
107 179
78 191
14 414
317 519
215 413
338 330
98 646
357 504
242 506
404 326

