50 1000
14 1267
50 5940
9 4227
12 8706
2 1378
38 3525
49 8436
43 2460
8 3350
4 9730
48 2854
8 2620
46 8117
48 2358
29 8376
39 7528
24 6148
43 3852
34 102
9 1114
15 8190
7 1438
16 882
12 2649
44 2274
38 5911
27 8156
42 7566
27 6741
15 5001
6 6252
49 8955
11 5130
39 3984
15 6342
25 6148
12 5989
43 3642
48 1272
21 4784
23 9878
26 3806
29 7472
31 2122
1 8834
44 1657
24 8884
22 6307
38 9498
35 3368
36 4091
32 1864
4 4205
16 186
47 9963
18 6240
25 7857
1 1791
13 9094
45 9192
11 5717
2 59
35 2434
23 7065
28 1025
4 6201
24 3828
45 6731
6 3501
34 4337
50 8436
3 4138
11 2675
23 1171
8 2044
40 8158
37 6575
28 9821
36 6846
42 6067
47 6619
40 3221
14 2103
21 2149
17 9047
8 8711
4 5438
27 9412
2 8890
35 7558
14 6157
45 2552
21 9505
7 7769
44 1292
17 2819
37 8941
21 5512
25 9686
29 9426
44 8744
44 3687
8 5686
7 2425
20 5067
28 4819
49 4841
6 5633
20 5227
25 8290
29 2835
40 958
48 525
18 8795
37 3549
34 5743
20 3002
46 9250
29 559
7 2599
35 9993
49 6964
26 5718
33 2075
20 7208
5 1216
20 780
15 5630
22 4657
3 4933
32 2242
48 1076
37 6988
50 1623
45 8705
7 8955
33 9666
27 3369
16 5668
2 8328
22 7329
2 3028
44 2467
12 720
3 3028
19 4101
12 7529
2 91
14 5954
44 122
40 4312
23 4560
46 2766
36 8179
41 3020
10 2281
1 3220
47 7639
30 9609
49 5674
19 8588
14 3198
31 7479
49 2854
48 7440
8 923
49 1382
4 9158
6 3876
43 3927
45 8225
49 8465
50 8637
41 958
34 6037
48 2404
1 5022
47 6280
3 6721
41 8793
43 5225
41 9448
34 541
30 1347
47 1366
12 8628
18 41
44 7681
1 9379
49 4394
16 4578
6 6789
47 7833
36 8424
22 7767
32 3343
43 7994
28 4941
46 128
36 751
4 9986
38 4038
3 8170
12 4482
48 4335
38 9705
41 6929
24 7872
30 7775
17 3060
41 3186
21 924
15 7742
27 9250
25 4208
26 4949
4 6435
34 7698
32 3075
42 1814
43 1657
6 4479
3 3346
39 8296
2 7712
18 1735
31 6688
48 1618
33 6998
20 2149
9 4998
7 3389
9 3617
44 4106
44 2038
14 9648
19 6302
28 9568
17 9910
49 6668
4 9807
20 1908
19 6513
3 8724
40 789
3 7462
32 7585
4 2599
6 362
4 4642
36 7643
30 9131
36 6575
3 6201
33 4980
34 6696
35 9037
38 7528
40 4777
36 7840
17 3918
7 9456
34 9956
11 525
45 845
30 5431
40 855
44 9437
33 6408
38 3063
8 6761
12 2103
42 1387
27 789
47 3869
10 2877
10 8609
45 2728
44 9596
41 5458
48 2038
22 8378
39 6311
19 8671
49 6194
1 59
26 4659
35 5819
43 4127
15 8957
49 6399
17 5871
7 3428
16 1886
27 9818
39 6505
41 7896
30 1354
39 2177
22 9476
26 2498
8 971
4 9008
18 3229
47 2535
30 2595
22 6458
49 659
46 2367
50 9902
11 3743
28 8988
33 708
16 6177
23 9908
50 5998
5 2976
43 7681
36 7304
37 6978
35 4969
44 5709
5 6235
36 8407
32 9726
11 4536
40 4939
21 7048
13 2649
5 6814
5 9914
48 1501
27 8743
14 4994
37 2400
32 9149
19 7961
8 7196
7 6262
25 7050
27 9161
22 3614
26 1405
38 3867
50 2572
12 9166
41 7791
37 7713
2 3603
50 5471
14 940
3 7118
40 9055
3 2437
37 1630
36 2400
48 8201
14 2649
17 8445
40 3899
37 4381
25 2895
24 4251
34 447
15 9886
42 5458
10 2079
17 4626
16 8412
1 8260
16 4650
16 1666
27 5803
20 9505
4 4842
42 5273
22 1892
18 9730
23 356
34 8095
25 7820
37 3667
40 3356
12 4536
2 1777
37 3063
48 981
20 8420
44 8080
12 5717
50 8618
32 8261
19 3257
27 772
2 4933
17 6746
23 5272
12 6459
36 447
45 8294
26 1697
23 756
46 7927
26 1185
12 9316
39 4939
12 1541
5 4619
46 2052
43 6472
1 1710
19 6898
11 3421
17 6890
11 2374
21 4765
1 3671
44 8263
8 3100
23 9476
8 9406
14 8537
2 1461
36 7506
41 8436
48 4297
31 8870
12 2810
31 3512
50 7477
44 9061
11 1346
7 2371
29 1601
50 1277
26 1142
22 7171
43 6693
22 6338
18 5562
16 8190
19 1820
50 571
33 2653
28 7766
13 1852
27 3610
33 2353
27 3970
23 7872
12 9155
14 6074
3 4176
45 1416
20 5345
37 5711
47 6803
22 6459
34 2242
3 5713
27 3151
6 2518
48 6964
40 5606
9 8103
30 9677
13 6580
22 629
46 5649
18 721
43 2217
49 5940
3 1573
41 9424
37 8179
20 9833
33 1445
26 8743
47 274
17 6898
12 3336
6 8442
26 1490
17 9482
30 4987
43 1733
47 8629
11 4482
43 6726
19 5067
29 7766
33 5994
11 9977
37 5648
33 9149
24 1075
38 755
9 7792
7 791
23 9650
22 4560
32 8067
34 6408
30 8625
31 1658
47 2358
23 9357
48 5998
35 4598
3 1471
32 2075
11 8567
48 4315
47 2955
17 6744
49 5471
30 919
8 3959
16 2819
18 882
30 7765
31 4672
44 1623
16 3396
21 745
6 9158
34 1945
48 4711
13 2103
4 4397
47 512
3 5530
8 7310
46 8111
3 8939
41 2702
5 5942
50 5465
5 6922
19 7912
26 877
39 9466
39 6511
11 9904
30 1664
46 5240
12 6580
28 3322
41 8158
26 8586
13 949
13 4482
16 7398
42 9941
29 9615
4 6922
7 6023
35 5557
32 3722
34 997
12 1950
31 8418
37 1047
23 7013
49 5998
20 1912
10 8567
19 7713
48 8629
45 9521
7 5493
35 447
9 8325
32 298
13 6157
40 229
24 7065
34 4969
48 8888
39 2206
31 4039
20 4657
23 8982
36 340
9 3479
39 6109
12 1876
37 9498
13 3690
19 5205
39 3918
29 995
48 1062
13 7529
39 9499
9 7417
18 8412
32 9666
1 5654
14 9048
11 8706
44 8294
15 1046
39 4244
48 8661
27 9686
6 2618
10 9045
22 4765
41 5314
38 8011
41 2102
50 189
49 1415
26 9818
10 7417
16 7069
27 9466
37 1358
25 8586
32 8967
7 7196
9 923
37 2177
15 2819
2 1573
17 7444
33 2242
4 1381
15 1835
17 2184
12 5395
21 6459
13 793
18 1820
45 8111
37 4225
25 4708
14 7742
15 7564
43 2540
33 2941
26 260
12 3669
26 5510
45 5405
14 793
7 3596
17 6240
16 5654
19 9217
15 9648
32 707
8 3804
49 3747
6 4883
24 2616
31 2186
41 2351
31 9637
17 8412
34 5963
4 4933
12 5431
3 1060
11 4822
43 9753
44 8111
24 6219
13 5989
7 4635
28 789
45 2217
34 2653
43 845
43 1277
34 7283
20 1129
9 6777
21 9664
7 362
6 9923
32 1448
32 6180
4 6927
49 3408
38 2177
10 6212
41 3412
48 3408
30 559
44 4314
35 997
46 2789
23 3828
18 4016
14 9527
43 458
21 5112
9 5246
24 551
31 7585
6 8142
41 6615
43 403
43 2410
21 6338
12 1248
3 7750
22 745
26 458
37 7938
2 5613
29 2595
34 6180
33 102
18 9305
24 356
46 2404
1 9702
25 7752
4 9890
39 2838
37 5911
45 3097
10 9821
38 4829
10 9369
15 3396
32 8817
28 925
35 9735
19 9117
9 2432
44 4657
32 1322
1 8298
23 7329
16 2654
18 3647
25 8824
3 2281
46 8705
46 8629
13 287
36 2910
20 8105
46 545
2 6301
36 547
22 870
29 9056
33 6180
7 2518
24 4208
40 8793
44 845
47 2404
48 7639
1 8107
18 8588
39 2421
29 5102
41 7052
45 9865
14 5989
34 9735
33 6313
44 9753
8 8829
38 8037
12 2087
4 1471
40 9404
32 9344
5 6252
31 115
45 1361
30 6402
25 6787
48 9491
35 5089
29 3510
11 5621
17 701
48 4394
40 5806
24 1271
25 3021
39 1532
8 1807
20 743
15 3397
20 520
18 2014
9 4783
5 8381
22 2521
30 3958
50 5732
22 9650
14 55
30 995
29 789
13 5209
31 6789
3 1738
47 5649
10 7064
21 7281
36 147
29 7331
6 9476
18 6898
10 3046
50 4394
22 6158
32 8418
7 6328
38 3918
31 1319
14 3046
19 4016
9 9068
15 9264
23 459
20 6536
10 7632
5 9807
8 5891
39 6781
21 8064
47 2984
18 1964
47 9491
13 9256
24 3806
33 5732
24 7752
39 1728
11 2375
24 3306
5 5940
44 6247
9 30
12 793
46 5759
14 2895
17 1626
8 9579
47 7828
48 6875
5 9158
4 9742
39 6660
41 9404
34 9666
20 5512
44 5529
20 5155
44 2552
49 5494
16 8823
35 7283
49 2044
13 9648
42 7681
27 6451
28 4173
22 7048
26 3369
25 5559
33 3075
4 4619
7 2044
45 5300
21 6386
5 4340
11 3336
35 7794
27 1185
11 7529
48 8955
12 9019
43 5785
26 9686
13 3784
50 4841
37 5218
17 8896
17 882
36 5021
44 2217
22 4204
23 4227
40 2421
2 6721
33 8729
18 6348
25 9818
35 7644
13 8706
30 4144
4 2969
47 981
14 5306
38 3549
6 1027
37 5490
46 236
2 8676
9 969
26 8193
36 9770
5 2410
31 1278
41 5437
28 9426
31 8241
12 9842
2 7462
6 1424
3 1381
47 1935
37 3910
9 4930
34 5767
23 7506
4 9051
48 3646
9 1520
24 5655
44 4071
45 6038
39 9725
48 6837
16 2408
25 3806
5 3876
28 4882
29 1921
39 8158
16 3490
38 5996
2 2504
35 5337
21 6571
1 7712
11 4224
35 3774
44 4853
4 1915
20 7178
41 811
21 4657
24 828
40 8782
36 4411
11 1261
41 1387
33 3728
30 5116
9 1807
7 3969
25 8280
34 9521
18 136
50 2810
38 7468
45 5011
47 1272
13 3884
38 5462
21 7563
35 5021
2 4838
24 8586
10 8424
44 9210
50 3204
3 3599
13 7661
41 9109
32 8166
2 7750
47 6745
32 102
36 7794
15 6447
46 6803
5 3235
19 5536
30 1278
49 162
46 7708
24 9935
34 7349
12 7594
12 291
17 7030
