320 560 16 8
141 198
102 58
20 60
1 241
54 111
211 309
229 30
194 38
80 20
18 79
251 101
299 155
83 66
184 41
315 61
265 170
213 106
9 183
225 92
119 158
190 192
202 36
159 130
296 195
118 101
170 284
18 12
4 191
146 144
105 267
306 251
126 186
233 90
67 72
137 149
109 157
243 18
70 296
270 215
66 308
191 304
210 127
5 250
199 69
205 248
233 96
268 29
232 31
286 232
142 62
256 14
153 273
222 174
223 106
79 40
154 213
28 211
131 159
172 236
188 249
297 185
52 277
245 108
95 213
151 83
119 5
220 262
185 200
156 136
20 181
49 261
94 168
271 150
215 130
78 120
137 177
24 89
134 53
274 113
243 247
58 39
273 77
272 154
109 9
4 286
65 107
266 147
254 220
42 117
41 240
307 172
14 148
97 32
127 231
227 160
183 110
228 301
145 293
3 310
126 188
60 201
149 315
154 209
234 115
281 16
319 15
234 320
24 203
152 141
261 163
311 199
305 223
204 38
258 192
218 239
204 269
99 221
179 307
184 73
46 265
89 62
200 122
235 57
128 295
291 147
183 35
195 163
272 95
203 104
277 264
65 203
313 129
239 95
161 230
43 176
312 208
255 51
104 263
100 229
71 89
240 1
64 300
200 75
209 37
177 245
143 187
26 194
108 59
52 211
63 107
98 45
29 305
28 2
236 77
165 71
157 284
72 123
91 164
88 137
162 124
138 68
241 316
180 88
61 272
112 187
214 152
318 262
54 122
78 85
136 293
136 224
35 132
202 258
82 270
163 299
93 105
292 288
64 260
63 162
76 222
314 6
238 33
169 210
315 133
267 10
219 307
43 229
101 253
302 219
124 263
128 199
312 81
311 237
256 55
245 133
11 289
48 298
66 58
196 113
111 278
305 15
131 215
23 178
110 45
5 184
42 227
270 70
221 168
16 160
31 83
249 114
176 228
22 207
278 44
13 170
216 237
320 212
175 151
29 319
246 202
247 12
93 56
254 318
112 67
92 166
123 291
247 298
288 236
58 216
74 135
308 311
145 231
40 3
47 86
284 98
86 109
174 242
62 100
209 9
34 138
212 65
207 17
178 185
57 47
303 152
175 60
152 27
73 240
8 217
280 252
277 206
170 53
95 223
193 266
7 19
248 308
77 90
132 5
17 19
1 11
10 64
89 257
47 150
153 44
294 30
304 93
310 129
309 285
135 162
174 299
113 112
178 302
275 94
187 72
69 212
25 218
125 51
10 39
211 206
121 114
49 195
147 303
274 117
314 297
208 274
166 266
132 76
106 126
96 74
257 100
285 175
283 311
87 67
6 226
2 309
195 174
191 232
114 258
160 225
59 154
23 297
56 26
253 68
283 128
90 74
210 145
186 119
279 166
73 242
282 48
38 312
133 272
197 178
264 80
298 287
214 319
46 13
320 165
39 300
216 234
237 69
237 320
293 34
32 210
199 78
164 274
295 96
197 244
67 238
304 31
123 25
31 105
182 245
173 246
45 296
203 257
262 197
242 1
103 61
55 148
253 140
30 22
150 265
16 142
206 80
70 49
169 156
319 27
177 315
116 22
257 43
258 282
127 118
27 198
205 66
130 261
215 49
134 82
241 289
69 120
224 52
244 8
316 313
113 87
138 264
266 290
269 312
83 102
208 42
68 23
143 146
276 180
291 268
62 92
21 253
25 268
30 301
226 200
239 305
302 179
115 165
26 204
190 243
290 303
80 6
308 216
107 104
259 127
35 119
140 197
51 173
120 63
269 91
88 238
300 171
91 208
180 280
235 108
157 183
81 42
220 140
103 218
187 144
51 221
181 54
182 235
14 161
267 194
271 46
231 21
240 79
249 202
227 143
15 125
87 88
41 18
297 226
276 87
27 255
246 139
122 153
142 225
166 116
316 310
231 34
96 85
196 276
81 281
140 23
114 190
212 24
252 182
295 78
115 317
158 250
171 317
34 277
84 275
92 294
286 175
284 110
248 283
158 190
259 306
19 84
198 99
139 36
68 314
82 131
147 214
102 10
218 29
125 167
290 50
172 273
317 16
167 188
294 116
7 141
309 286
122 278
71 142
21 138
279 193
37 126
156 145
44 233
111 283
50 17
148 230
164 196
260 171
85 63
281 227
238 149
300 115
85 135
9 189
296 222
40 316
221 246
72 33
144 193
317 71
99 94
53 98
133 59
32 259
98 70
264 314
141 84
244 302
230 217
186 121
97 169
250 243
192 247
104 43
144 123
36 282
250 41
201 111
229 228
37 189
61 239
307 288
12 287
38 260
117 112
194 64
287 3
75 172
171 281
262 55
201 248
75 153
165 24
44 295
303 7
15 255
108 47
6 181
179 292
293 52
278 128
189 186
57 271
45 76
255 99
301 207
79 241
148 8
121 158
263 176
60 205
117 143
120 65
185 219
273 233
280 137
192 48
116 290
12 40
8 179
260 81
265 157
33 103
268 214
213 37
110 132
107 124
100 294
306 118
232 151
22 50
167 173
59 86
50 7
53 270
101 220
