3500 6228 350 2
2162 1445
1171 571
410 2198
1688 1878
2770 3268
3047 96
2491 3023
1057 1133
2145 2002
3233 2850
89 2624
2449 152
2544 829
2815 3291
2120 2911
1780 3261
3169 3458
2989 2248
506 2464
680 2806
3339 2701
274 769
3314 1730
26 854
894 1199
3377 1175
960 3393
3084 1202
1727 122
1572 779
149 838
3191 3352
396 2778
729 2884
880 827
311 1183
3161 1151
2278 3008
2794 2826
1564 1620
2818 21
2559 333
3275 692
1656 3314
1183 1320
3000 3488
2150 3351
765 1286
2639 80
1490 1584
1244 1653
1174 2034
2867 1961
2230 66
3229 2481
1682 2710
3231 461
1255 1513
1905 596
2563 2222
3136 211
2823 2746
172 1066
2347 964
1184 2644
816 936
2981 344
642 2126
2129 564
2832 3097
2579 2762
1317 3494
2995 624
1150 3229
2360 2942
1132 831
370 3172
451 2824
2092 402
782 1678
1281 1003
1925 1191
2069 2798
2935 3002
2085 834
1823 1038
1789 3055
2309 665
2782 587
435 2892
2764 3317
692 1836
2795 1948
1298 1185
1585 3189
3261 789
1670 2379
19 2591
3053 2019
3405 640
1105 2961
1974 941
3212 285
147 271
820 224
3408 2940
858 633
1405 3289
1712 421
99 2005
672 1722
709 3244
3159 706
3374 2761
2436 1710
986 2400
1418 991
2991 2378
270 2311
3402 148
433 1525
973 1196
2404 825
618 2274
594 563
2234 659
176 1964
455 1756
1059 637
1073 1086
1180 1348
2837 2135
1624 2845
2385 256
681 3027
731 354
2735 2775
2537 959
1526 603
1294 13
1898 383
2361 3215
338 1739
2261 2714
3007 2868
1851 3450
557 2619
78 2574
3265 644
486 1397
1145 884
1767 179
1032 343
2402 1166
854 2225
507 3157
1281 2891
2503 1183
1685 2217
680 1245
2118 3094
2175 2216
1082 917
2969 1748
619 2047
403 1518
1565 1261
433 2111
2807 753
1467 1588
1890 2608
2408 2718
3219 838
3109 2474
3358 3173
3177 2995
567 1789
1801 1353
2829 800
2870 1462
2948 1269
1229 2098
3353 1771
1642 393
2942 2931
2779 1127
1866 3065
2750 172
3381 1503
655 816
3084 2484
3460 3448
2470 1099
436 2401
445 1819
1146 3493
628 1138
2695 3455
1773 2490
2021 1255
283 2667
545 1780
1957 1684
2284 3019
2401 513
1155 1897
300 3035
531 967
1943 2904
2337 129
1725 1948
276 280
2429 1516
1270 89
651 674
1269 1004
3149 1684
480 1390
1494 1274
768 170
1995 2034
410 1855
1448 3312
1613 2922
1953 721
1083 3097
722 125
2497 377
1710 1729
1580 1077
2440 2930
2188 554
343 3125
2984 3426
3009 699
1243 1652
3001 1041
2163 700
512 3292
1531 105
133 1662
20 2172
2938 2144
919 1076
2525 3227
1607 3172
1466 1337
2262 438
1159 2447
1025 2738
2047 2929
2185 399
2903 3492
2694 2472
268 2021
590 526
25 949
230 1430
2858 434
3160 1042
114 3399
1984 231
2662 2268
2670 3151
404 3096
556 714
3120 380
3073 3415
2116 771
2404 2878
2798 3419
1129 1980
2705 909
465 3065
606 991
2805 2964
2133 1396
1138 2779
1777 2421
990 1740
1864 195
1114 3443
1138 858
801 270
496 3413
3478 1081
2947 206
2784 390
3497 2438
2704 1753
3320 2885
2828 1503
2340 159
2407 3475
578 1060
668 3377
2386 2385
922 1546
1313 231
2459 1778
2388 2420
191 1228
2169 1844
2371 965
1865 3438
2961 1024
2377 1595
2171 720
3349 1973
1244 2886
131 1248
3097 2177
1129 1738
1030 1321
1676 2028
2908 604
1578 744
1431 2335
2159 2663
2847 3318
800 921
1805 775
1921 103
285 13
2689 45
1058 1641
435 509
1542 61
2020 3153
811 1109
1931 1879
2301 2996
248 260
3141 2068
1822 1492
294 653
325 1445
441 971
2097 2478
3494 3092
1002 3027
1637 2229
261 162
1415 2422
31 1994
332 3315
1166 1126
10 248
1616 2501
1584 1713
2109 1719
3260 2712
503 374
677 1814
896 3029
1435 2007
2153 2435
3180 943
3398 1327
240 999
134 1889
1689 214
1568 1479
1913 675
200 1892
2157 2541
2811 781
1625 3158
1139 387
2876 2898
1064 1768
1176 3077
432 1500
3162 1854
3213 3353
383 165
3248 1719
3382 1455
3458 360
846 733
3404 532
1605 2095
2585 1464
640 1490
2544 34
2448 1547
2181 1167
2066 3293
2777 1280
2799 3214
1633 1490
930 1696
2633 191
3372 1689
3426 3377
2611 1215
2914 2592
655 746
646 2602
3119 514
2770 1500
3010 1647
867 1633
2792 114
99 662
2552 110
1284 870
1511 684
3425 2189
652 3101
2113 2584
3026 2670
1386 379
868 2862
2805 94
107 2469
1970 1990
416 1433
581 2668
2390 2809
1089 214
2164 1766
3171 3113
3009 1246
759 1970
2144 1935
838 1010
774 2621
2542 3035
2441 3325
1977 1818
1022 2798
2222 832
327 2049
1253 2187
154 595
1217 410
337 2246
3153 823
3464 2708
3206 548
627 1032
357 2795
1228 3283
793 2932
186 2759
719 3379
231 2818
233 448
1668 2636
1392 1333
2854 2687
2636 516
1011 1942
2442 1263
477 1303
2755 438
20 118
1212 496
1775 800
791 3134
2588 3032
3116 3354
392 2218
148 1345
1737 3064
1156 2782
3165 2417
445 1963
1633 1722
184 406
1454 1509
1331 3440
2349 1141
1010 2267
1381 744
137 1438
2493 2187
412 1628
2622 1330
1760 3430
2971 496
2335 2695
3388 2312
2025 649
2023 1711
662 3344
1108 2213
1615 2647
1110 3076
1279 3441
2610 1770
3114 2009
102 715
2733 2423
1218 1079
3366 2148
2312 277
1189 754
1914 1191
577 2042
1692 357
1044 1636
2730 2462
912 1113
658 3196
2780 2110
196 1198
310 2856
1816 1728
1362 565
2186 1393
1985 2730
1547 499
2905 2326
3197 3199
1580 1130
119 1286
3282 3095
251 1206
817 1059
3252 561
1529 2191
1315 747
779 3241
921 2519
1814 1484
2487 1316
881 2097
2893 958
60 3043
425 1919
712 1161
914 1061
2364 2975
1109 3345
776 2722
541 80
1773 2404
1875 2397
362 333
23 456
1903 936
1432 507
1890 2961
1346 1636
2043 1028
2728 2881
36 2419
544 1108
1401 1727
872 935
3196 1325
725 1834
168 167
296 1115
2333 2706
2301 1190
681 1981
2754 2712
2540 660
308 3167
509 1794
1705 1305
368 3307
2210 135
956 1508
563 1092
3078 1682
3095 610
1234 1671
980 2800
2238 568
1355 778
1481 3485
42 1699
670 2742
1296 560
751 3009
1115 1561
734 3045
1160 238
2368 889
982 1993
696 3030
3185 1843
360 2195
871 1601
722 1627
2530 2342
3038 1877
2605 1137
166 2188
578 1419
1836 1289
3213 474
3133 1556
2608 2524
2678 2492
1139 2344
2609 97
1040 137
870 990
2862 2599
1632 677
2658 1843
976 749
2292 2414
3178 626
1629 285
948 583
3471 2275
2501 427
1794 2333
1666 804
2557 2628
1631 765
2317 1669
1465 3480
2952 2887
696 3127
2274 2065
1809 2890
54 2702
118 1938
3201 2156
29 649
2727 2138
3272 439
3385 1143
1847 1499
2158 1971
78 2900
2147 1497
1497 3480
3137 3240
685 1938
1524 1530
3492 2454
3295 278
1231 420
2617 2774
367 1795
1472 845
901 1785
1561 945
2999 446
2018 2499
1593 1355
2494 594
3037 26
1687 240
1962 1303
321 1960
3267 1504
1042 818
17 883
2120 3143
3287 1023
2529 2955
2920 971
935 2701
132 1898
268 1164
440 2186
1068 805
326 3445
3005 1862
2227 882
1383 3326
923 1302
1627 3286
1815 522
2417 2909
1655 1891
2486 2386
704 1384
404 1750
84 278
1567 592
861 2944
3167 1359
701 620
1743 2866
502 1688
489 1443
1553 1346
1774 2319
1371 1712
3172 631
1657 2188
155 3256
823 1193
1745 2129
2766 2402
2392 996
299 1932
1867 2584
407 2787
2722 1704
1327 2539
2919 2295
2166 1713
721 306
2763 2546
1599 2151
2649 1566
2503 3355
595 3211
3500 3162
1855 2253
76 1356
3278 3402
536 2237
460 1686
2229 1607
1889 267
1530 3407
3369 2193
880 2815
2850 986
1670 682
3285 1567
2451 1866
3259 2159
1190 2310
643 750
1813 2515
2019 1956
188 820
3486 637
827 3291
1708 1654
3198 2720
2193 3003
2261 2870
385 236
3482 1486
2195 2571
580 841
1787 1398
217 2705
1915 222
2375 2938
2739 3425
3075 3400
1841 731
1305 3321
2759 337
1049 329
810 1924
1233 1397
1527 2819
3333 2732
2488 2758
7 2337
3406 2654
2756 2052
969 1538
3180 1218
1895 540
883 1074
737 1320
1529 3022
1894 3417
1413 2450
951 2913
3135 219
2505 592
2672 939
1235 1886
1993 2916
1157 1698
1551 349
1373 3320
22 1712
1391 2748
1636 1078
3191 2964
1094 2818
1964 2062
3436 324
1850 2276
2204 550
3136 2861
2934 1372
2960 1459
2497 1755
1905 3138
818 1821
730 1020
2248 2465
1239 519
2296 1608
2459 905
1083 2827
1755 405
1501 254
2028 1693
2413 1066
1048 500
2284 1703
2625 516
2599 1782
2886 1900
324 1483
1915 2024
1552 2969
299 2353
1038 2006
3423 2455
3410 1829
637 2453
1533 1039
2825 3484
1477 2018
2104 276
2867 2114
1910 3279
2569 1214
1241 1415
1741 3099
1336 2130
1955 1668
989 3011
2394 437
3060 2387
606 2561
1960 523
3329 2157
1698 1096
968 2212
1534 797
2882 2332
1306 751
2709 505
2777 2555
1316 2081
1769 3373
232 319
1311 2309
1195 2960
1879 1449
1589 3221
2555 3024
2419 2855
3452 3345
3062 3150
2014 85
1446 3488
1725 729
3340 966
3390 3151
1986 1008
2849 262
3375 156
1569 3391
3186 1894
3110 2736
1602 2211
2837 1374
526 2190
2619 2494
2882 2338
3403 317
49 1959
3444 2061
663 982
2103 2112
3043 1872
1845 2569
2088 932
1799 440
1059 1205
2485 738
3040 1381
901 1188
3240 457
3359 432
3347 639
670 1899
2513 830
2642 1526
15 28
3050 253
3168 2563
460 703
1713 3085
48 274
3131 929
2564 2416
2935 2683
2604 1377
2380 3255
3061 1498
1881 1693
785 1573
2706 368
3373 121
1017 905
2111 2013
290 2986
2732 1528
306 2654
1893 3220
2256 1017
2187 893
1289 2915
1211 2546
42 1171
366 1388
3179 2907
500 3155
3106 1486
3363 872
201 3254
1854 2084
1409 1258
384 1146
542 1054
527 1180
2075 2682
406 2290
1756 2827
261 2553
2871 1904
2809 2352
755 3110
3129 2093
1485 2149
2972 1096
2273 1013
544 699
2193 1593
2235 1869
2555 1562
2915 828
3350 1805
1351 1502
1315 2497
2199 601
724 2746
1303 558
2074 2862
3240 1697
860 2562
311 737
3283 1280
2679 953
2876 481
913 1300
1930 3124
281 1197
1663 1492
81 781
949 646
1851 2680
1043 2124
2097 1070
1391 847
1164 2220
1535 780
1592 1873
1550 464
2421 3200
1967 545
1803 298
226 2454
2428 2823
2631 1270
2785 3405
2409 728
1807 2192
3105 1379
2343 3010
2630 1760
2659 302
2506 1394
3407 2933
1396 2892
3094 1530
2979 1747
1662 638
3012 2475
26 934
2272 3467
3303 1773
2140 2739
945 1156
769 3380
3424 429
221 2691
1594 67
3418 1476
2178 3249
552 2581
2140 1835
3440 1316
1767 3471
3428 2399
644 1621
1762 1431
694 147
1419 813
1040 1279
1845 1677
2493 1544
945 3163
262 2325
3076 1663
714 745
16 532
2451 1875
1563 1318
3400 2318
2130 2729
2910 2979
322 215
2681 1231
605 1535
2125 2283
1188 2436
494 77
195 1778
1402 2588
2032 1715
1446 2236
1862 1991
1827 2094
3060 817
2006 1644
184 542
1906 2037
1539 1209
910 1927
2727 3074
1043 2240
3026 3390
1041 1148
2951 2738
1948 1676
2028 3463
611 266
3124 2535
3338 2153
962 221
3148 3492
939 2583
3138 123
2524 576
3183 1688
745 2158
3169 557
3355 1264
202 1718
1071 2110
612 3053
2681 688
2038 1762
1019 2117
1411 3325
2101 3043
1415 3169
1957 402
1644 2124
2635 1568
178 3373
2724 2279
1623 1414
621 2643
3093 776
545 156
3143 1233
222 1787
1909 1851
2721 1640
1535 3324
2889 1606
470 888
158 430
2468 2902
540 1383
593 816
2165 2445
3052 1673
3398 1347
1330 2029
683 2358
2315 1090
128 1721
1623 1466
2923 599
337 1822
3035 2802
2506 2100
806 1198
2994 2340
2064 887
2930 774
2529 2107
3021 1399
2745 676
482 244
1514 1605
2782 1865
2153 3166
1916 2463
3438 135
3326 443
1751 2907
1418 1438
1430 176
3387 1613
204 3253
1695 109
2236 1172
3182 481
1194 2736
2421 2568
1175 63
1742 1192
2751 1015
1689 1801
1119 1741
2958 3120
2894 443
284 2651
623 869
843 1090
926 2415
1946 624
3174 5
651 2174
1750 205
932 1071
229 1373
4 2321
1416 258
3424 1298
3200 811
2119 2113
3099 2038
2390 2200
2543 1787
121 1929
3296 2265
232 1586
252 1674
2048 2897
2953 463
885 3267
1283 2076
864 2016
1737 352
965 2586
2239 719
362 757
521 2926
1484 1164
2076 2883
1848 1212
2705 1101
1612 1401
2113 2925
1038 1493
756 2908
1182 2859
1776 641
2562 2076
3385 3052
498 282
931 2425
2641 866
213 1331
2949 290
2494 2678
3411 3245
827 1315
2447 1224
1838 590
3068 2679
1349 2443
806 635
562 1871
343 1368
653 1356
1566 877
1771 3133
2398 1424
588 1311
3307 1978
675 1776
1899 1986
1831 1862
1649 1618
3300 1182
1975 928
1748 57
1379 17
2678 563
164 1302
3340 1943
245 2161
295 1581
1444 1091
2945 1452
538 2305
1679 3028
1666 622
671 2761
902 2612
3480 2864
2090 2424
1928 2830
2484 2836
1447 2620
2664 553
212 2688
1366 257
289 1526
3078 1200
2998 1838
556 2731
3023 894
2020 3430
1053 1941
1731 1424
1140 512
2109 2014
2776 3354
3183 2561
198 879
983 2879
2156 219
728 758
2041 1979
1260 2267
2302 1532
2724 927
350 770
984 2708
2062 3130
579 560
659 994
2975 1250
1589 3185
2533 977
180 2515
1359 1690
1609 3248
1262 890
1699 571
529 2542
1597 64
277 366
1095 3246
3293 3071
2375 611
263 2173
894 470
1044 2626
395 3225
1919 2632
1554 2400
2108 1275
915 2767
1104 981
1443 2711
2640 677
855 1631
2512 1380
759 963
942 2985
2668 1386
2574 311
977 3025
2990 736
2590 3284
83 610
736 2899
3395 2888
1959 140
3227 2326
3094 3454
1162 1087
2748 534
2735 2821
1555 2616
1714 1418
296 2006
3383 2168
592 725
3280 3366
844 2803
2521 709
1688 2452
2898 885
1729 902
2634 1815
2691 1298
2711 2380
1917 2233
2487 3328
510 166
1702 802
1812 3468
3354 2109
2391 2922
3289 3134
1956 2757
1318 652
259 2932
229 1234
3466 897
3310 1501
1200 384
374 2931
3096 205
1158 3451
865 932
276 2050
1113 2247
2260 556
295 2407
1222 3273
2650 514
1619 2108
700 2768
2475 2846
3210 320
1080 2875
256 2031
245 2142
3285 2505
3018 1996
1452 2756
3049 3476
3269 2853
548 1222
1476 912
2422 90
1686 1965
2807 1339
2593 1473
800 1332
2586 3063
1136 106
2386 1544
3410 546
370 1807
2304 1591
972 552
3409 379
2625 2953
1269 3019
3480 1889
747 1755
967 2271
2526 1726
176 3004
1361 975
17 2144
2348 1628
3002 725
1458 584
1389 1291
297 2092
1532 3378
2474 915
2008 1005
2847 2397
1393 3001
1270 3327
125 1797
2982 2655
2974 951
2234 1388
1173 2578
1187 477
52 3273
385 1045
3301 89
2692 1833
1568 1419
1414 1337
1438 2786
2379 1574
2848 2024
2338 2704
1023 199
481 845
3489 309
2045 3374
1499 1186
2276 1291
1481 910
2207 3046
1425 2189
1384 582
1332 2519
2583 2429
3098 2002
2453 2683
3428 2486
1009 2207
3276 1667
757 588
2800 1740
2329 554
1136 1803
1191 837
152 2791
1954 2416
1210 208
2581 1364
2607 722
828 16
2303 1987
2524 1450
1388 2104
423 2178
698 93
845 2259
2458 2444
1586 2408
6 1274
2377 2479
3249 3005
803 3467
344 2268
884 2498
1042 2376
2313 346
591 924
2907 1833
2760 2160
2537 1717
161 2644
1556 1758
3356 2346
363 503
614 855
2370 2318
2189 2387
1996 2395
2699 1031
2617 2801
1148 1706
2121 2690
2271 407
1750 396
249 2192
2057 2163
1354 815
2035 1469
895 2527
2632 953
1399 3103
400 2637
3275 947
1286 2848
1276 3096
1128 2873
572 798
1326 2813
1437 1917
3452 1416
2191 146
616 1790
1390 1837
1861 1457
2178 3202
1063 785
1968 3274
2055 2345
2365 2533
2452 3439
2747 2715
2174 1330
1706 427
2857 1786
2102 2602
2970 1271
959 2965
605 1648
2422 557
452 2194
2136 2370
601 1240
2812 792
365 1813
528 555
1024 576
63 2232
193 487
1798 2740
2033 954
2247 2238
772 3278
2046 1294
1870 312
938 459
1199 888
3442 2849
1565 1174
442 460
1812 1662
499 2958
2787 1151
2940 1061
968 807
2669 1193
869 1468
1753 3213
2364 408
2088 1324
38 1109
2486 2493
949 2351
1972 1401
2574 2503
529 300
2332 989
987 123
907 3401
2984 668
142 1181
1732 2593
1306 543
873 413
3097 1375
1469 3223
704 1621
773 1332
1387 2962
2969 1572
1331 2487
691 17
188 3426
586 2073
669 493
971 1909
2578 3218
2001 2319
2743 3108
842 753
1251 2685
1965 2905
243 3460
272 2726
1240 2914
408 3347
3431 1761
3144 1238
1408 2476
2813 2762
391 3189
332 2491
263 1239
1498 1296
1294 469
1074 3230
2127 762
3445 2091
2758 1400
2416 615
1829 2460
3204 2488
2720 680
2288 2603
1495 3406
938 3128
2852 2415
889 1749
40 168
3157 250
2409 2403
1929 2419
3218 3177
2947 184
808 1272
2258 810
3465 2205
2130 651
1880 656
2475 2032
236 1475
2815 3458
3170 1651
2713 446
239 301
400 1508
2722 9
1207 535
1304 2175
1869 1043
2901 2856
1305 3255
2975 1844
2009 1972
990 764
3435 2238
849 3174
2007 82
3313 3264
2780 1514
1100 979
1491 2559
494 93
150 2997
1036 3335
1692 713
16 2402
667 2143
1944 1625
1615 995
2634 2598
3044 3415
3220 2108
743 1062
1169 3482
2996 49
448 2220
2068 3250
772 1413
2855 2193
2644 2123
514 2626
1892 2077
2432 862
1668 2625
2356 1431
1643 927
3422 1149
3454 2504
3446 1289
1111 2768
3237 73
781 865
1046 3175
3088 2819
3054 336
405 2204
3350 218
2411 1700
3118 175
1612 2804
2725 2942
455 1083
743 3
3401 1267
697 2007
2242 345
2519 1100
443 3235
193 2280
2600 1674
2795 1687
3360 3363
1079 1679
2431 1820
2916 886
1936 564
2701 2910
674 58
1177 2183
1940 2046
3079 431
2349 1550
1531 1643
1251 72
2540 1340
2719 2990
2340 2984
2554 1126
3030 2813
2070 3131
3381 2601
929 1823
1033 638
2036 1441
2953 2996
1238 772
752 268
643 2526
1913 1803
1924 1859
2365 961
1203 960
3498 2239
103 2889
3453 420
1673 1857
220 1617
439 424
2450 2504
1482 2079
2111 492
215 2488
3058 1744
2384 2677
3404 1085
1868 2391
2897 2640
3384 323
1405 1903
58 1839
1674 2239
1425 2393
3047 1973
3411 3208
879 485
1255 2822
3393 2333
230 1780
1604 3180
2280 1952
2092 2572
3417 1529
921 1209
459 1152
2351 2506
3083 2648
1648 2837
2267 3060
388 1812
2426 2671
3157 3182
620 246
2584 1998
1076 1220
2896 2413
287 127
14 1385
1762 2354
857 142
534 320
2026 133
557 3442
1095 2700
2865 2347
2774 735
530 3207
334 1995
3059 2857
3499 166
2089 433
551 3474
2959 2978
2179 181
3427 3429
116 703
3212 1294
3467 2547
2520 491
1125 3136
789 600
3389 1733
1441 2887
824 407
617 2472
448 2374
1476 1051
2397 1655
2528 1954
2499 185
1900 2610
2620 188
1020 2157
1246 2998
46 1971
2239 1119
2433 1922
3041 3094
139 2665
313 3320
2306 14
1907 2209
3281 1830
2398 2362
3315 1969
1591 1284
877 1538
1797 691
3297 66
1461 1179
3221 533
854 1050
777 2312
3230 2921
238 552
36 279
2997 2247
2568 3234
2214 1447
483 2688
1605 29
1307 809
2939 774
872 1868
326 3103
3315 508
3073 2350
464 319
3299 3090
309 1192
3074 2090
3254 139
2974 2066
2477 1968
2865 909
549 2566
3066 1142
609 2776
1978 2461
1314 727
3102 447
996 1311
2547 509
1645 383
716 3025
2826 1502
2305 1551
1904 1598
632 1072
1817 53
138 549
1520 2860
2011 566
2257 1436
1709 904
2090 1825
1093 1173
835 357
204 1593
2367 705
2048 853
3152 3342
1212 1055
2903 1761
3462 3446
837 2727
1461 2349
1487 1279
2307 3351
85 202
3292 1124
2765 693
2147 327
3415 2960
2855 204
3243 1664
2010 884
2659 1254
2749 3481
141 655
1577 760
2943 3098
2788 2087
2652 2755
3317 1093
2511 1579
2297 645
227 1647
893 1936
1077 2811
3080 1651
2513 3452
600 302
2615 2435
87 724
2866 2893
3082 1160
3054 957
2986 1745
153 2411
3391 1557
45 95
3492 1589
602 3015
3449 722
302 972
1039 2697
3125 169
519 547
1278 762
2957 643
1447 1052
2104 3242
2772 310
2696 763
1508 2281
2810 2164
2100 2131
2265 689
1170 418
65 2728
2293 3191
1401 1934
528 572
2987 1876
2327 1144
2846 53
2171 453
280 2477
802 145
2871 1808
3485 1927
156 1312
11 69
2263 2843
1489 1854
3326 3219
56 1262
603 27
2607 8
2283 3162
1752 667
2688 1706
1923 1807
550 284
3251 362
477 3408
3012 159
3304 1910
2078 2817
2753 2828
1207 1560
995 2083
1385 812
405 193
386 937
3056 2041
540 76
1928 2201
1222 1953
2663 3120
379 2172
780 1848
478 510
1595 2590
2315 1831
1353 3252
43 117
1264 2245
3413 2952
3115 3348
1686 3100
1521 3465
1852 3478
160 3279
576 919
2924 654
1577 7
2645 220
1254 2536
2190 2103
1555 2180
1904 602
861 3116
2289 665
3255 1465
1034 1265
2216 2927
472 1891
2450 2737
3225 164
380 1210
195 2396
2597 197
339 574
2114 2166
2504 853
1050 3136
1790 2842
2345 3050
2549 3309
966 2904
2873 3206
2424 2675
2264 3203
3468 1622
3434 666
1378 1705
3088 249
3134 441
172 1870
1536 1541
959 2585
3299 1612
237 1147
2163 1111
2342 1012
2781 1792
2552 2686
1045 3483
521 1467
928 25
1184 1582
1496 2593
1545 598
2690 2703
1118 1751
1676 1881
2510 1514
555 1554
1011 1552
3215 424
3457 3014
3139 1494
1179 1550
2060 1772
1579 3102
1445 12
2514 1770
194 2385
2395 3073
1065 1539
2321 1751
1346 995
328 690
2220 2134
2656 2442
3044 1195
2391 1640
1485 3369
106 942
256 997
3090 2804
1130 1404
2176 1208
1463 2277
395 2405
2350 2496
1403 100
1443 2943
2038 62
1328 110
2000 3364
865 1872
1626 671
1752 2322
1345 1790
57 3428
2510 2411
2031 3311
2571 2492
1471 2013
3254 2500
2764 2148
2737 111
1430 3261
1209 1100
2220 3042
1423 607
2502 1237
2425 3266
1445 1422
2491 1969
2542 1029
2184 104
21 2340
1420 2046
688 2250
2548 1230
1060 813
2086 1323
2300 981
2741 1282
515 50
1860 1495
3178 2597
1556 392
3087 1861
2218 3427
208 3017
1734 817
3262 2364
3082 3378
3293 2457
2682 436
626 907
1619 1724
1367 2293
156 2534
1075 963
2547 3412
2933 883
2857 1967
2463 2041
1748 779
2845 821
843 2632
2125 487
1452 847
411 474
2412 435
1230 1216
2716 1754
22 1856
2957 3018
2446 1521
236 3257
2744 2298
1526 1707
1128 2223
1866 985
783 820
2820 229
825 832
1291 3056
756 955
2889 3324
2305 934
3112 1375
2161 2170
3081 2244
1480 1107
1056 211
1150 2573
1006 1379
2289 1442
2778 2558
3128 803
2679 1058
1622 2394
689 3276
12 2874
1786 1440
1472 1574
359 373
424 2717
325 1570
3011 1534
2095 1083
2087 2627
2087 436
1165 1531
1070 2923
1698 1741
136 881
2579 1517
482 3356
1599 3205
3316 2344
1600 3201
73 2444
1583 1412
3391 880
3194 2864
270 445
1622 2269
397 791
428 415
900 458
1321 2785
220 2233
1062 2356
2133 1571
566 3287
3092 1672
2717 1522
518 1708
2978 2745
1797 2375
746 2896
1818 1528
3037 2305
2226 2310
2508 1782
457 2630
1410 1555
1191 3367
315 784
1504 1040
707 645
909 1918
1414 2735
450 833
2420 310
3103 2367
2803 59
726 792
2992 2150
3294 1696
2804 1727
575 2717
1745 389
923 1197
309 3448
1426 1366
1984 2577
2796 1087
1982 1791
678 568
120 2165
3463 856
3117 3266
242 1926
2623 3422
1825 3294
1988 3481
3091 1257
244 3338
1868 2721
18 1231
2881 700
1163 899
1120 1634
1439 1106
2332 3121
892 399
717 1834
720 2243
841 2891
3335 1304
3122 313
3311 1796
530 2365
1245 3277
665 1354
2879 1533
1505 1590
598 1067
3033 2920
15 4
1718 1135
1780 1312
166 3466
1558 713
2647 2858
1512 648
1433 842
2457 2252
2830 2550
908 2287
934 1050
1907 1534
936 1577
2372 2936
5 3256
813 2771
2036 1962
463 609
278 537
3173 1241
3273 3496
1835 1425
1277 2277
2339 459
3069 1627
267 1007
3319 3361
618 3302
3354 3248
46 1422
1174 903
635 3427
737 239
1390 1340
2000 3181
1566 969
1344 2861
824 3145
2126 1346
1896 3118
356 1285
3440 801
1124 2556
762 2987
3359 2770
778 1966
3470 1691
2245 2118
1901 1861
2551 2334
3263 1454
2925 3198
1465 3194
1322 835
2697 1849
497 895
1859 415
225 1737
2740 3317
2525 1223
1730 433
855 3196
3394 911
3196 765
1410 121
1816 3304
1869 127
2135 2971
377 2571
198 1887
1106 940
3000 2834
1316 270
1417 1599
2683 1519
2786 2545
1941 2509
2134 1227
3495 2580
275 2299
3151 75
1672 2299
265 2576
1117 3057
1247 84
364 2509
393 484
466 1139
3274 2637
115 2091
1569 3028
2594 3157
1712 874
1434 1685
2643 1402
1371 2058
68 2296
1271 3231
2778 239
466 3316
3095 72
2959 471
2435 3360
2202 1457
1518 2902
1693 1840
2446 2466
807 442
1002 2184
175 1511
224 1016
382 2805
1649 2978
3368 1145
2453 1068
2971 1892
2901 3074
2040 3107
1344 1816
569 625
1440 2808
1382 2588
3319 122
613 3371
753 2234
2929 1798
2094 797
504 174
3071 504
630 419
571 61
571 967
1062 1762
2558 2607
1908 2800
2738 1590
849 3072
1276 2574
2228 1745
2993 1428
1528 314
2492 1092
1119 2115
3252 3329
1846 3257
1274 502
3306 2703
1558 3084
1953 536
1544 256
2381 1168
3111 3115
991 1841
2582 1402
2073 2249
2037 296
2217 99
997 517
881 115
396 683
916 2992
2983 63
2628 2814
2294 2320
1674 2596
478 3499
50 2705
1345 2660
3274 873
2691 2633
671 828
2956 2686
2692 79
932 1496
1023 647
1098 2152
1469 1521
1709 223
1996 2279
957 570
2834 3095
2405 281
1538 2432
740 2831
2904 2467
1431 2336
3323 1309
1950 848
2703 145
3096 311
2124 3233
2016 2381
1507 260
495 778
334 1174
1486 1615
795 412
2393 1307
796 756
1449 1157
1096 2880
2047 126
2790 2197
2323 14
2714 1462
1395 2859
893 2129
186 891
2406 1268
2248 1922
3321 1497
1168 896
3337 956
1016 541
2029 673
353 597
2822 1769
2952 1365
2783 1633
2756 3089
2455 843
1341 2039
935 2721
3419 723
3106 1553
911 1053
972 3016
2575 850
247 2988
316 184
211 3149
2215 2036
2949 1253
2507 2807
657 2723
2320 1944
2808 3434
603 1548
1908 3386
430 2060
2771 629
3328 999
2278 108
1511 497
2291 2697
2944 2595
2016 769
1665 724
3048 2219
2492 550
3322 793
463 861
1510 3111
2852 580
646 2506
429 500
107 132
690 2731
1706 1773
426 748
554 1638
3221 2439
2389 960
1707 27
2456 141
82 2262
1426 154
2152 108
1614 255
1856 2726
2002 2975
411 2120
1830 2246
1958 1638
1320 301
2856 3187
1068 1519
1066 1112
3228 2499
673 1221
1285 2934
2927 2163
434 1288
1753 411
2530 3067
2578 1884
2476 2914
1880 2913
3140 3204
761 1224
273 2645
3341 941
1679 1241
2466 1602
2674 1487
886 3321
3234 581
1855 786
387 2880
2592 2486
747 2641
1763 1937
2084 2198
207 661
2164 2752
2295 1309
2925 711
3075 2370
3347 946
352 2796
678 529
2116 1033
6 395
663 1666
689 375
2430 1730
3219 3235
444 2431
2168 2383
1127 1242
206 1467
2988 3296
1378 2711
799 1852
1273 3431
3279 585
682 2512
1916 3056
2701 2917
560 3489
3234 830
1398 2146
725 1221
336 570
2243 2168
3242 2050
2769 793
3384 880
2736 2953
1540 1233
518 228
1714 606
1340 1901
661 361
1990 1361
1020 1152
1710 2851
2117 2027
2089 2906
1343 2527
167 3289
192 1105
1765 1381
2999 1532
2272 2412
183 2327
2334 664
1231 3385
349 3124
2921 1694
1588 1069
1113 1400
1224 2616
442 116
2752 1643
1784 3285
1120 2479
1201 3308
2454 2962
2728 526
2766 3229
1488 2489
1644 945
182 488
3370 248
124 167
1581 1603
381 3040
1537 2609
1458 1569
1830 1924
2808 176
3394 3127
2268 2516
1087 1408
1587 2020
3260 2909
3101 2986
2675 849
2534 2999
1109 321
814 3153
1634 247
1434 1736
3349 1737
1806 1108
3429 1181
1966 340
2589 863
3333 1818
1681 1749
1035 1028
3454 2048
520 335
676 759
1960 1774
718 851
2126 1044
3243 8
215 912
2483 969
1963 2981
1070 876
2054 2373
3013 2780
111 2141
3291 2497
2004 297
323 3089
68 3222
625 2485
1179 2743
3458 2619
1297 3055
1950 1565
67 2531
1941 1512
2197 1107
1125 1056
2551 3443
1402 3343
2018 3249
2209 3238
2869 1371
3418 2495
471 151
1069 612
2838 636
139 1363
2027 715
3036 935
2056 31
1312 789
383 1067
353 1407
372 886
222 1411
717 398
3246 1863
2842 3106
1825 930
2729 2622
898 2293
2158 1631
1001 2543
2993 1001
28 1930
868 1301
3496 657
2208 3050
915 3223
1757 1501
32 2752
1617 1380
703 2525
2602 978
687 1035
3114 452
1498 579
2037 1038
2112 2603
282 2085
1335 1240
1146 2585
3017 3109
1295 2126
2684 2545
2219 2103
1876 836
2826 363
3290 3046
840 1984
2091 2224
164 2452
348 892
1520 1683
2170 2867
116 2040
519 3109
2233 3139
2604 658
96 1334
2565 51
2897 1049
2354 2336
469 1541
624 3491
304 3292
3364 524
3142 1180
294 76
219 1194
1874 1560
1437 220
3220 3460
1639 2523
2880 2038
2353 2667
1220 2467
205 737
1523 3349
379 2638
1497 134
73 3418
1847 213
1004 3305
852 1488
1801 1427
3494 330
1705 2380
3257 3232
1032 679
92 2116
3465 2105
604 168
3361 2448
3110 242
3046 2956
999 3463
1992 848
2890 43
487 2366
3412 3393
622 372
2149 2954
91 938
954 805
1090 1362
307 3271
994 3392
1051 1113
297 1018
1112 3473
3376 3147
3332 615
3491 3146
360 377
920 2067
2960 2368
3464 2567
3019 450
746 1690
2888 2122
1252 1606
784 67
355 3493
790 3436
2063 1752
2132 2890
1853 1661
3130 2536
3429 15
2762 3313
1241 1642
213 3497
3481 1458
3170 1623
614 658
48 3115
2424 3294
520 931
1578 3154
2281 2557
140 2109
1747 99
977 491
941 2618
535 613
1473 860
1277 3341
391 3496
2945 447
3290 2101
569 2970
2533 716
89 3021
2557 1073
500 1937
2075 2087
2029 984
2050 2477
1050 1344
1721 1121
1240 1779
2430 2089
1961 2166
123 3282
2079 1321
2148 1117
1651 1466
1339 2234
2319 796
798 1073
2249 1389
656 1211
1831 1362
2726 1153
135 2992
1626 2915
2211 1527
3072 483
1786 230
1357 944
1493 1644
740 3410
1037 1007
1704 2030
1188 1140
842 277
2326 1623
151 676
764 2522
2040 2525
2893 2165
847 2052
2671 1515
1681 1842
319 1763
667 117
654 2641
1275 951
459 803
805 1950
3064 2646
160 2929
2709 2919
2863 2291
2454 3221
3230 2601
2190 1463
13 2
2280 1095
1990 1035
1697 86
3486 1887
767 777
2775 806
2900 1075
2359 1545
358 370
2015 2629
1696 1932
640 1961
250 2379
3010 2634
890 54
543 1806
2274 1111
2813 2671
437 2610
585 3366
1989 1757
1704 3171
422 3276
90 3442
1005 2012
3449 3069
3435 678
402 307
1369 1184
2567 3281
2581 2988
661 38
1810 1011
1409 714
2192 347
1364 2652
2376 416
3261 3004
1723 129
2627 2401
3192 2140
1171 531
918 2794
101 3499
1237 2208
2277 1417
333 588
3388 842
1117 338
90 56
856 3039
1420 3212
2095 2832
2572 307
1783 1132
647 3086
1228 2023
3413 1981
2496 591
1754 578
1404 60
2603 3449
3154 2106
2224 1795
2687 2518
2645 682
2189 1307
1282 3138
2394 381
24 1829
3227 2176
2230 1707
1099 1928
2225 1344
2801 735
3144 1361
516 1871
3055 113
3125 1453
1126 3014
2082 3190
1015 812
2874 706
1548 1629
368 37
2658 3061
697 3417
2285 581
1155 2906
301 3041
2273 451
2440 925
235 351
1005 2272
3057 488
633 2128
2817 1357
474 1540
277 2636
2380 3176
879 587
1486 2221
1342 3194
2355 1998
1448 3237
2936 2160
3366 2665
429 1185
2389 1895
1208 1414
2205 1923
2632 710
2229 370
2367 367
1185 3155
999 2282
941 136
52 391
2621 2966
2836 2341
903 686
963 3144
1201 1788
1327 3297
1837 468
1571 1847
3343 782
884 1899
2531 2057
3148 226
2985 2743
1422 3159
1883 2054
2336 286
74 518
2176 3353
1821 1433
1873 2617
2191 1084
1641 1376
2467 1378
1372 1608
1509 2838
2003 2872
375 913
516 463
2 229
1939 2230
2192 1266
1393 2788
3175 2769
447 323
583 375
3085 2367
1249 3118
3217 2473
979 3260
2651 2620
955 293
100 3166
532 2554
2350 1341
1947 3175
155 365
3264 2809
1791 2275
730 3329
3022 146
2084 2287
358 1923
3379 1349
24 3271
2943 2145
3089 1315
511 976
1823 2235
2250 3479
150 1654
314 2526
1198 1027
102 165
1519 398
1902 115
2605 2008
3039 344
2347 2231
2900 2503
3305 833
3484 2885
100 1985
2080 2001
708 3369
2824 3359
2672 1234
475 206
1258 614
3493 3031
1597 978
2476 57
1652 2999
1219 1559
2039 924
875 367
582 2967
1008 3475
1289 1281
832 2939
1671 490
3025 1000
1499 1331
2127 2757
1436 253
2201 2398
338 2578
2177 2970
1509 1988
1297 2342
201 585
574 3368
111 1632
1719 3287
324 720
1933 2077
349 1056
34 2265
312 3473
305 2092
594 2325
3362 1
1051 2997
1874 3191
2819 207
3431 303
95 2260
2998 65
3031 2699
1660 2589
387 425
1728 1013
2464 2227
1995 3058
2913 2763
1046 2045
450 2465
1959 1913
286 3455
731 2649
3463 968
403 2799
2654 929
2664 47
1815 1403
2532 2324
2508 939
2121 3306
1800 181
2834 83
291 1469
2657 77
3021 326
850 1992
2638 1781
96 3433
2397 472
581 2538
3038 3491
327 134
1466 852
3 1022
2346 2615
2353 155
966 1220
77 1646
85 511
1587 814
3364 332
32 1531
3462 1836
2968 1103
1856 874
2259 2295
1014 993
1502 2360
539 2865
907 1756
2584 711
206 542
1387 2951
1162 1942
833 3258
1147 788
830 1416
1858 1738
2052 628
171 1720
1958 3387
376 2154
1355 1285
3270 2853
627 524
3284 829
1926 1190
2697 2794
1134 2959
1142 2951
1190 49
105 2946
1998 292
1280 39
960 540
2831 2531
3487 1437
1939 3297
1484 448
1942 2969
738 10
2081 2311
104 1701
3132 1369
1836 580
1576 3057
1234 900
2623 1047
2246 428
3477 177
2101 2956
1348 1895
911 974
2260 1409
162 1448
950 1483
1483 2243
1021 1154
2538 530
758 3239
713 1725
650 2023
2633 2614
3375 1243
1930 2004
770 2690
461 1507
1118 2004
2202 3400
1840 1116
1361 772
1302 2829
153 2693
3386 3362
1323 1029
2478 107
2265 422
351 274
566 873
1102 502
3300 1395
2298 2297
1819 1336
2146 512
2781 3398
1097 3418
361 11
1440 1430
1991 2313
1080 949
171 1200
2627 3303
2963 2889
162 3165
2666 3350
2258 852
3481 3397
1944 2870
399 938
357 1725
863 1832
2161 35
1559 468
2286 3254
2891 914
1175 2639
210 3470
1602 2372
127 956
1153 3199
2693 1700
298 962
493 2923
1803 1776
564 623
2071 223
93 1646
2823 2338
1948 240
3390 1057
675 2014
1504 1487
3499 1105
995 2304
2479 247
3355 3144
3066 1387
2988 2652
964 3365
1684 2824
735 3316
335 2425
2445 1451
579 3008
1176 179
2509 1759
1891 2650
1003 3404
2541 2389
970 3012
3027 1444
2063 308
3217 589
2970 3330
3167 746
589 182
1479 901
2985 2833
412 352
897 3387
1934 2428
1290 417
2462 3036
413 2557
909 2231
2919 3323
1872 2780
3231 10
110 153
814 3203
985 1655
1012 1601
2112 2358
2407 1322
2768 1974
851 3346
841 3408
2240 3233
3397 584
2651 112
1970 687
2612 2096
2890 667
2956 3013
2887 1658
3126 1006
2977 2470
1824 1463
2774 363
3484 1456
1860 1339
2174 2664
773 1610
1186 1687
1630 462
2157 826
3345 2080
1552 3469
943 1458
2447 1555
1949 460
2565 2480
502 164
182 2857
3046 2552
892 91
802 3201
1517 173
2761 1150
288 3456
839 2071
1239 3017
597 1931
2881 1824
58 47
1107 1764
2660 952
420 1143
3149 451
2587 583
3363 3036
1373 1671
2693 626
1654 3435
2742 1986
2829 773
928 612
2534 2302
1157 2972
2131 1791
1771 2735
1541 2672
3107 1753
546 2460
2647 2083
2601 1694
1888 2263
499 1907
2792 2133
415 627
1189 3091
1369 2137
1206 3472
829 2587
346 799
1926 2226
3003 1142
3119 2260
3118 3081
2973 3433
246 1246
2558 3243
2471 1385
2745 2900
1257 2264
532 539
2196 1210
3155 3283
422 388
1422 2696
1374 2971
1223 2176
3089 2924
2883 494
1000 40
1843 2570
1364 82
287 3337
3460 1275
2417 1097
1107 2957
2255 2078
2538 3409
599 2255
2177 983
1248 160
2619 2195
2005 3344
1789 690
2403 380
2056 98
715 1357
1278 1394
1590 2812
3108 429
1628 1011
3369 2954
1301 2508
1611 2075
2137 158
3448 1853
1788 607
2504 111
2546 1392
2962 2439
1213 3042
1711 3295
446 2437
3218 950
1018 3164
724 2040
3351 2781
1168 1423
2083 1591
2235 1493
1713 1652
2223 359
397 931
173 3264
3147 1823
1500 1506
2729 2174
732 3312
2217 1182
1330 553
3006 605
2027 2817
3287 2042
2743 464
805 1292
1867 2355
3373 904
2703 2303
254 1867
2657 2523
1627 1797
2803 964
3134 1660
2387 1059
1039 3081
1695 2130
735 503
561 3142
1300 2044
575 2219
2663 2403
72 1104
225 412
1123 2781
2106 1448
3426 224
1334 2646
3352 2420
2331 25
1288 980
2383 2765
858 573
1606 1970
449 661
2700 1064
883 2733
784 2831
1945 1116
1151 2376
1460 2749
2299 1933
2580 2348
3185 533
1475 3232
940 1021
714 766
1442 3310
254 3111
2282 856
1763 2718
3309 1179
3210 628
335 2383
1210 1326
317 2150
226 1387
290 2228
1293 558
1245 1882
3268 2785
3361 2676
2895 2605
2482 1708
3190 2835
1312 2302
2590 2544
3474 1925
1198 857
1718 749
2560 3048
976 2633
2215 1187
1340 3087
92 3451
2911 486
1994 1769
2205 3088
2415 477
51 3432
3202 3005
439 575
601 2476
2507 1860
3416 130
1900 2514
320 203
3145 3161
3258 91
3419 3470
142 444
1441 1293
2427 1846
1413 3454
1924 1804
1651 2258
515 2719
1764 3018
181 2560
3455 910
382 1914
66 1420
1195 1806
252 1724
1937 2777
3490 1451
1736 1406
2489 2841
2734 141
2842 642
3215 404
2271 2681
2270 2300
1332 1063
2721 2910
2577 316
2472 2485
685 1864
762 1176
668 1715
183 2983
3316 3423
3207 961
3368 2010
962 2833
308 2322
2954 3003
3142 826
3165 3237
763 1915
2582 1382
1922 1801
3395 300
1911 1604
1977 627
1492 1977
3028 1415
3490 2045
1359 2750
2169 3209
1012 325
2500 3217
70 2137
3257 3186
432 3217
1370 1711
2618 881
2299 2215
208 2426
904 1929
3190 3122
419 1403
1197 1775
1018 2572
2600 3498
8 3126
3489 1742
2518 3072
3100 1839
2362 3051
2128 3500
376 498
2791 1852
1834 1675
2328 1037
3472 252
1041 2627
3177 1946
2502 2181
300 2122
3346 1926
3011 2094
2996 609
2515 2976
3473 2323
3104 707
761 694
2373 3066
2468 2600
708 2855
2797 2315
795 2348
2987 3077
169 2434
787 2871
3235 1260
3127 2579
1795 1898
80 3161
1620 1136
559 1082
1456 1796
3072 212
3327 2618
409 1886
1368 1726
993 1731
2496 1459
3357 1057
11 2022
1365 2451
987 1920
1467 1054
2864 3474
3237 1097
44 3070
1844 898
1994 178
825 2912
1677 3078
1878 731
3456 2107
856 2212
2851 1124
2734 2266
462 1055
2314 1869
1873 1811
3202 1831
1881 2194
1397 392
3432 606
1923 249
688 3385
2576 2699
1952 3246
1946 3434
174 3152
1978 2532
809 1205
895 2360
3325 1140
2228 893
2509 648
1886 1930
2429 471
2253 3372
1525 348
1793 23
623 1317
2363 1442
2938 1088
2077 2952
2342 871
2211 2760
2428 2882
1450 919
440 2687
2776 140
303 2771
284 2700
760 1723
1283 1543
373 1229
2348 1810
1242 3500
3222 403
1671 458
568 2542
418 3141
1489 2941
1840 807
1348 1585
1888 1742
1396 288
2927 2881
3152 3419
1383 2894
168 1405
413 647
2511 2015
3281 810
875 2224
1539 261
138 2555
749 2242
3155 2777
908 331
2626 1078
341 2981
2067 643
49 2776
2480 3432
426 922
3336 3026
87 2823
3356 2251
145 3135
733 475
1733 2414
2964 2772
848 1261
2595 1968
1419 901
3380 1788
1493 1043
1421 2049
1800 3272
1183 1264
3031 2308
3074 3187
390 3208
2718 138
2591 2266
2014 577
703 1965
666 3146
2556 2096
347 3224
1711 84
2356 2839
2995 3038
2399 2493
766 2158
3442 2494
799 75
3163 879
293 124
3430 2669
2423 268
1659 3260
3156 3335
1214 748
1828 602
769 1168
1121 652
1732 787
2583 2959
1029 2802
2159 2958
2591 2203
1697 2630
1884 2378
1652 2713
143 1130
112 783
3173 695
285 2082
1052 2984
619 3224
3483 2707
970 406
356 1639
1534 3238
2438 2464
1311 2289
988 2663
797 2911
1899 2792
3278 2450
1653 1900
65 2927
1328 913
1079 1569
1790 1169
820 1542
1482 2770
1889 1037
1701 3195
2765 3483
1508 572
1927 2877
120 3462
1654 2816
2203 1405
181 590
1180 3226
616 2141
2629 1452
1144 1793
1894 1437
536 2070
2206 161
939 900
321 2080
2683 717
2990 1101
1096 3099
1480 702
513 2490
1603 1692
306 3131
2653 2547
2933 1049
1650 1010
30 1136
1910 201
834 613
2779 573
2470 1290
808 1624
1543 3184
3367 241
2926 1975
137 3441
3101 2747
3182 1472
340 2812
1292 334
903 707
2749 943
2950 1288
200 1933
59 2316
1310 2306
3033 441
2343 227
891 3076
2042 199
1363 589
3065 2357
2002 2169
417 2877
1429 1523
224 2017
2166 1399
677 752
1272 143
1656 2948
2609 3285
2654 501
2312 1668
1066 312
2221 2647
3187 2854
425 3068
3282 1251
3029 1746
3450 2898
1475 2707
2643 944
2311 1963
2225 1976
1606 1630
1232 104
2293 2805
2875 646
1596 2901
1961 1584
3086 2814
231 316
1583 738
2310 1959
2259 2480
485 2575
3376 1906
408 1250
271 2054
798 2656
1072 1826
2268 674
298 641
2715 389
3331 2868
2252 1392
278 957
1680 859
2739 1425
274 3348
3405 2867
66 1940
2317 2294
1842 1618
2830 2398
2737 616
273 1670
2759 1830
1421 776
3444 18
12 3159
3412 1794
2081 2282
642 1553
2516 58
2833 3108
3008 243
106 298
1530 2048
1987 718
3150 697
510 1657
568 1323
2180 1485
2732 2067
18 3453
304 2851
1057 1014
954 850
3013 2510
1892 3413
37 1835
864 3247
2704 1827
859 198
687 2043
1375 709
2309 3101
2885 3006
1105 3466
1653 437
75 1845
933 2514
3386 271
1135 2928
988 2409
1817 454
720 3383
937 2127
1699 1542
2671 2073
2132 41
1985 318
1325 1754
792 2600
2817 2643
788 1406
2968 2147
1024 2406
3113 1189
1570 33
38 2844
2283 2366
1221 891
3137 3367
2630 2020
2899 1789
2119 1867
2288 3236
2337 1851
1218 3358
1524 1006
1667 3468
607 692
1008 3399
1256 2151
669 3286
2973 2967
336 3251
67 2216
1186 2487
1363 1576
493 157
2392 1251
826 2389
2107 2438
3222 1407
522 100
3450 2751
2942 2178
2103 2288
526 1824
30 1913
913 1802
3352 2772
2624 326
2388 3371
1721 3241
77 353
1992 2059
3348 3380
3459 920
2598 3338
1166 3457
3479 1673
1564 30
686 2197
693 507
3487 2645
124 397
2374 2134
2484 2613
2224 132
1998 1743
2115 743
2661 34
2467 622
1187 1962
2859 3262
3271 2079
63 1793
1719 577
1091 3195
2051 561
488 1786
2009 1612
1082 3361
3441 2786
1758 635
1161 988
1980 414
906 1482
1694 1255
21 3012
3168 2976
866 193
2382 453
2310 30
3476 318
1510 48
97 2505
1700 455
887 2657
572 1554
2218 2182
2706 3192
1216 3414
813 1785
2300 1611
3273 536
3397 3102
409 28
1983 1870
1147 1736
2316 794
2853 3252
71 225
2707 187
1022 2839
1766 1996
2012 2133
2231 2530
2245 3041
3298 1426
489 1378
2237 3376
1406 1443
2013 2185
2452 2829
2172 2256
2740 1371
3198 44
1204 2968
2601 2056
927 868
2751 885
2814 2292
2652 2262
1542 2017
2291 918
748 2710
1658 465
3070 925
373 1222
1182 662
2044 2597
1575 1447
1349 3
1584 1243
109 2729
3186 3487
318 595
2937 732
3174 483
1055 681
1353 2051
1659 2754
551 382
2906 1471
1841 1614
3471 630
984 186
2757 3306
1491 3469
2526 216
1607 1979
378 1837
1650 1021
1722 3375
3232 3487
27 3212
2825 2031
812 2674
1694 31
2134 434
2791 70
2071 1732
2788 1041
2327 1287
508 1453
1999 1857
497 1343
2892 2529
2821 1758
2914 2072
971 2337
242 2301
1690 2413
818 767
1955 1194
1620 1683
1341 591
1451 3374
3365 3067
3004 2659
474 3143
2478 876
2406 237
3475 835
1631 119
3325 2146
1026 52
2247 1259
3437 1235
593 1903
550 1095
3126 3105
955 2382
2449 2136
1536 1301
3099 1062
1053 364
3189 657
1988 636
2010 670
2761 2766
1264 1238
665 2747
1067 143
2827 2177
3035 2540
2747 815
2359 1314
3353 1540
2522 1060
2673 1783
537 1552
1806 2368
289 2230
946 1207
1149 1985
1055 1002
449 1266
511 2691
2384 2449
2536 3150
679 508
1224 147
1069 454
2039 1134
1744 3333
223 787
573 1242
3184 698
1435 1364
174 1333
3024 3007
2455 1919
1047 3049
2015 2945
3314 1269
464 1048
3258 1319
329 2423
364 173
699 1800
3051 209
2154 282
982 804
318 2462
838 1260
2603 1256
33 2874
2712 3123
958 3490
1427 1128
1734 371
2641 1127
121 2180
905 2734
1075 3355
1821 3388
676 1075
2149 2373
1492 3333
3396 1070
2434 620
1573 862
2378 1946
533 2570
1887 485
2427 236
363 2725
3135 755
2296 403
3146 1846
136 3205
2930 2980
95 328
4 1118
2200 2352
882 1819
1368 169
292 2866
2373 226
1683 106
3313 2390
1030 245
3343 2793
3209 551
598 1272
2762 1515
1596 2727
177 190
1788 120
1407 2799
2670 799
57 2592
920 2957
1935 3381
2844 69
2575 916
3041 1524
848 2744
72 2363
2661 3296
664 1313
2148 1093
2050 2595
2521 698
1293 1658
2401 2925
1685 3300
1918 1297
926 1187
1347 2539
88 1908
3123 215
3416 2082
2066 3379
3455 1290
392 1512
2281 798
1979 131
776 1669
905 2456
898 382
322 1476
1693 968
2145 3176
1265 457
2049 2722
785 1659
3092 275
1975 2331
1657 2329
3229 1166
2096 2263
2861 2273
533 1098
424 1750
1967 230
635 857
3164 3410
917 712
2017 824
1618 1276
1084 92
1610 1063
93 2863
2723 149
3129 376
1163 1314
1379 2933
1013 2286
744 2106
2203 593
797 3394
690 113
1342 3209
264 520
2725 374
3303 513
1382 98
3468 2044
2099 1536
3071 2443
2666 203
1525 492
175 2244
710 565
3250 1122
3042 1227
2106 732
2802 660
2469 2117
2004 305
501 2918
2610 1578
3477 207
2108 2974
2240 528
1621 96
1468 330
1576 182
1140 304
44 2440
301 1664
438 388
3065 2689
2924 747
592 673
3214 1449
1575 2994
770 1702
989 1907
3225 923
3433 2642
2319 716
2335 286
2329 872
2360 423
1343 390
3475 3382
1103 327
3188 2205
1703 450
1746 2215
1982 3010
684 1343
3329 3142
1726 1226
3111 2355
620 3009
781 2088
738 3370
1290 1928
3121 1827
918 2617
992 2670
834 1905
31 2822
1634 2581
2199 1335
1849 1351
54 1094
1071 1352
1470 2658
1886 349
1034 3240
1738 2430
394 1573
3199 2382
1677 1214
3420 1326
1938 195
495 1025
2744 3104
1559 2677
1092 284
3341 1417
1406 1395
3446 1626
2648 1139
1560 3352
342 2568
1818 1032
2909 3123
899 727
993 2569
1356 3219
1263 704
1554 2656
2962 1505
2519 785
1084 2026
1969 3079
3245 3395
146 1158
1519 1292
1165 1940
2292 1523
713 1202
1088 2753
258 2365
1159 1410
658 2139
333 1563
817 3486
1515 1850
2361 439
1454 1460
2412 1396
2752 2724
523 272
1365 2517
2923 1019
789 3082
3176 2169
888 315
1324 1732
2618 1902
1557 2815
2928 345
3184 494
2064 2883
2151 3396
2516 3100
715 2611
3415 2496
3496 2237
2420 1446
1893 1619
2165 3446
1130 3290
3500 1489
942 962
2648 2972
2275 1815
1375 983
1027 142
2783 640
546 618
2457 504
1319 730
2593 2871
1500 2473
377 405
2207 3288
815 1510
130 194
3338 2615
2006 1561
2339 1020
1822 428
1227 761
2294 1178
2892 3456
3224 2655
1160 1120
754 1587
577 202
2866 2806
2396 2063
3067 632
3163 2782
695 973
398 1675
1546 355
897 2406
3057 1739
2833 3424
3248 566
490 1921
2616 1883
3407 2897
1588 928
2667 365
1257 814
1027 1225
1261 3104
2114 3021
631 619
1412 3370
1 2903
1483 3038
2913 2457
610 1104
917 2676
2918 2314
3291 360
553 3464
693 2594
2553 979
2951 1505
1739 1884
3332 3092
3344 3129
2444 2482
1112 1310
804 372
2100 1767
2443 2069
2142 3405
1540 3133
2875 2102
3295 1810
1582 2123
3409 3207
2058 1173
1314 808
1213 1513
1078 614
2611 1077
1882 1046
1571 288
71 795
1662 1622
953 476
590 3048
2746 2704
196 2841
2804 3319
998 409
1936 517
1857 2098
354 1610
3380 1423
2599 2039
1755 866
1479 2441
3311 2528
112 42
821 2207
169 1306
191 650
1512 2182
2155 2734
1663 1744
3162 1217
2152 1893
366 562
127 2240
914 1085
2686 153
86 1760
2767 1637
2128 2345
25 386
2677 3075
1262 262
1158 395
974 364
1151 3479
2612 1888
771 1244
1684 906
2423 2921
882 2461
852 467
2553 3165
2022 2606
591 1681
369 2284
1917 3022
2596 719
1468 896
235 48
2977 3357
2615 510
2279 3073
212 1148
3141 670
2034 686
2878 2440
584 3391
1386 20
3425 3060
3130 3062
3345 258
2460 3302
3112 2521
2061 3453
1301 2599
3414 2353
3402 2737
1701 1345
446 1163
2025 1283
1302 1775
916 1992
3050 2941
1932 5
2425 2765
157 599
456 818
2464 3307
2849 594
179 819
228 2784
2058 421
2715 235
1782 1134
2396 1809
2461 1695
2251 478
189 2714
2887 2451
214 1427
1502 2725
1256 3069
1122 2407
1735 2285
570 362
1897 339
3284 821
3331 1282
2032 183
1411 1398
484 1114
2966 3322
1329 696
103 1252
2570 2278
2098 1495
2246 1859
2241 860
1730 1004
2824 3193
47 3080
1700 2095
956 528
634 2876
2597 907
2760 3477
2828 2582
1226 543
1949 742
1617 3139
963 1990
1637 358
3339 2860
754 1257
1488 1804
2958 2209
1791 2634
2143 2750
255 2483
2320 2261
2304 2604
2357 2369
2458 74
2366 2789
2932 2573
122 2448
2635 2848
1360 2025
613 596
452 1972
992 346
3420 3030
1295 2650
981 1757
597 1873
524 679
1986 114
470 2692
3138 2773
1197 933
1546 2410
3108 1048
2286 3193
3443 664
2753 621
878 569
1152 2653
2226 1564
2845 1009
711 1743
421 2840
1742 2843
2916 2968
2687 1393
125 3105
3203 823
2841 2371
2523 3222
55 1103
576 1268
3330 1896
1099 1014
1976 1816
2812 3472
428 1977
98 1994
3262 608
3277 1046
3159 2993
202 976
1110 1350
840 846
1902 3445
2797 843
2613 2884
3030 2579
2955 2706
869 3494
2473 3059
3052 1999
3423 2797
997 3311
2254 1201
444 3063
1951 347
2793 2088
2105 3088
885 505
1872 1071
490 3006
964 2316
3093 2317
1249 1039
1557 3169
2270 2186
2297 1347
2676 3259
3392 2314
1067 1580
1611 2788
2731 745
3016 697
641 511
1747 1141
1951 619
293 264
217 2865
292 3308
2810 32
1591 1377
867 672
3022 1549
2827 569
1054 1817
328 556
3002 717
3400 2206
2700 112
508 1474
1733 644
1675 1350
3439 773
819 741
1846 3062
890 1313
1309 137
1728 1910
1964 2659
2129 864
371 3486
1523 225
2535 3149
2142 2170
2197 920
454 3334
1131 3093
3253 1355
3235 2739
187 250
712 3259
3164 24
1047 3298
633 2055
1896 461
2041 1976
1570 12
2172 1781
860 1283
2535 1957
957 1491
3124 305
1470 3185
3334 2019
2287 2989
488 2991
3286 2375
2613 3114
2085 535
3158 3091
1731 426
1268 1076
1478 739
522 2153
2232 23
2941 908
2517 2847
844 2347
3146 3130
732 1412
2167 3181
19 40
886 2147
975 1232
2059 1123
167 791
1455 1186
28 1118
3175 3322
2077 1441
2005 1586
1682 384
1299 2816
3330 1249
2355 2254
1740 1273
2044 2269
1014 2201
1795 1545
2062 1254
2685 2289
3491 2427
837 241
554 1868
2408 376
1537 1784
1877 2427
158 171
1433 2807
1287 350
431 3156
109 1784
1225 444
2439 1098
94 1596
1462 1478
355 265
3430 1216
1785 2436
686 1480
211 2273
3154 162
3236 1256
469 2
40 2203
2151 669
2531 618
1236 1983
407 688
2649 2483
2124 1156
950 2995
3007 336
2912 2930
1777 342
1952 2789
1350 1663
3288 2552
486 1053
1940 105
1028 2184
2754 525
3488 1799
587 2575
1574 2565
1122 1008
3068 62
1428 2543
979 2417
1506 867
3166 3360
644 3047
1325 2635
315 1594
2839 2335
819 2623
2568 2513
2902 3498
3371 1446
612 386
1648 780
128 1563
3086 2928
2017 541
1265 754
1248 2047
2912 2939
2110 1360
946 2085
501 3392
3036 3339
2669 3414
1154 1680
2907 1018
1849 2826
2358 2607
3408 914
2214 2651
179 630
1703 2248
2585 3031
638 1653
924 1842
2213 2361
173 1759
1033 1244
889 2361
2819 449
3399 1847
1820 470
1646 1592
1205 2935
996 2685
1724 2596
2434 751
2324 1537
1505 251
279 1828
2655 2022
539 844
1646 597
657 1439
1439 1906
3236 1599
2026 2116
711 2720
3223 3188
777 1955
3085 2713
2173 1177
340 726
62 2354
709 2879
1779 3416
2474 3045
973 393
1945 1934
2170 3301
2499 480
3470 1481
2955 506
2904 1666
3188 358
874 790
2512 2565
3001 212
991 2684
1250 1367
2479 1997
1761 1589
1971 119
1254 972
348 3258
1388 994
3256 180
628 654
1219 2384
1749 144
1590 1206
2105 1527
1366 2226
88 694
165 1580
2233 1549
2266 593
2405 923
2308 1031
702 2164
3131 3147
2588 782
936 2920
2922 2418
2212 1949
742 2516
1453 2434
1779 2072
1149 3476
2614 650
2345 1489
1495 306
645 702
1232 3402
3482 233
178 1709
2840 1338
1997 2661
1416 530
3042 3421
1116 1665
3327 2624
1809 1752
3467 435
1334 2642
406 2475
1300 3178
3016 1435
766 855
114 1571
3246 1064
2514 1539
2257 1858
3 2356
3032 178
3456 3497
662 3262
199 1135
729 1676
2122 1390
1805 2502
2325 2702
2905 3170
560 1888
2482 150
1824 1277
2773 3282
2863 1592
2864 267
2070 3376
2767 3188
630 2623
2854 2675
2138 2548
1903 3033
2249 2276
2374 2858
549 1562
2382 264
998 15
1394 1767
1209 2553
1370 2580
1792 1327
523 1856
2972 387
2443 1022
1707 1420
763 1001
1310 2323
1616 180
2980 2621
3422 3049
2539 1165
1839 3080
1503 2056
1178 189
836 741
739 2264
2110 2241
1981 3461
2282 341
1397 1941
2175 65
1635 2740
126 1798
2295 1714
2416 2837
2330 1814
1973 1334
2046 2946
3472 1619
1007 1034
775 2055
1775 1065
1609 2011
839 1324
2872 2681
3296 2755
2471 1015
525 3140
108 3220
3058 2790
3337 400
113 2162
801 2227
1931 1811
1770 261
947 2852
1220 489
2481 3457
1389 1637
580 1281
1993 1204
2577 2947
2369 95
1769 1410
1048 1763
637 2033
1667 1300
1216 299
2011 3274
2816 3245
3466 1958
1081 3078
3461 1091
2321 3179
1459 1681
1871 861
132 1645
3298 3346
3495 795
3344 608
3027 3461
1592 918
2251 101
1215 2811
205 2778
3476 154
3189 653
2328 1704
3267 2674
3335 1594
56 2849
1935 2828
1185 1228
1161 2159
2183 291
2065 2631
165 2611
479 1157
401 2386
1782 2583
2677 2136
660 3087
344 742
1517 3313
2033 1068
2024 2441
3320 490
1153 3436
3226 391
744 2937
330 3029
2711 2145
2196 3239
589 3059
1783 1386
473 1936
39 3054
659 501
2527 423
1954 3332
3268 1506
74 2482
2182 998
2594 187
1551 1125
2322 2143
3498 3020
53 2327
596 3000
1092 2214
1260 3425
692 2852
1850 2200
86 2548
2448 2332
2139 2716
527 1026
2606 22
2285 2673
1286 1915
2322 1359
3070 1245
721 2070
2302 3082
2518 3001
2536 3016
2150 1123
694 3386
3377 1016
2395 3044
562 2104
3020 1119
1010 1154
1973 3064
269 1575
2330 3482
341 3039
2490 2878
471 2745
1723 1310
1496 1352
2069 3152
2698 19
2352 2463
81 2793
975 3278
3156 246
3247 869
258 2001
2915 1003
1833 740
2344 425
1875 985
3324 1848
2934 2296
1513 3421
596 2773
1768 786
3045 2767
2838 2511
2057 2274
250 1472
266 2078
1811 3083
2646 2199
1638 1613
420 359
3208 3228
1837 1901
3160 456
1242 2283
1287 1956
2965 1464
1337 467
803 2653
399 2008
859 3163
361 2844
1374 200
631 1248
1156 2850
3318 472
272 796
1887 2033
2832 3112
1962 1293
1141 2005
247 2661
2082 2820
2799 1879
3427 998
185 1219
3469 1572
2822 1159
2156 1955
1764 1766
1966 1372
2989 2433
1680 371
517 2528
1521 1912
862 525
1660 1432
2726 3197
2461 2324
3328 2081
3438 916
3061 1729
1494 1102
947 926
1640 2979
877 394
3451 771
2223 3206
1152 2541
451 2286
2012 2412
2303 3135
269 2214
1169 3106
1339 3406
1844 1367
1266 361
2241 2025
783 1699
2616 1485
190 38
3244 2863
3132 70
2078 621
2067 314
1854 908
1835 2532
3017 586
1943 663
736 567
780 2135
3133 2821
1395 2943
2775 196
1204 55
2200 1916
750 216
3006 2963
2712 3140
1808 2562
2689 2369
1280 3024
1759 538
492 2185
3053 937
2921 2021
1647 244
1141 232
218 633
1000 604
266 2753
1942 1408
1598 2064
705 2359
2787 2250
55 1131
1543 2521
1661 1211
170 1809
2620 783
1299 3411
53 3334
1781 2698
3019 3305
599 266
2024 1411
1449 2648
650 1370
1601 1826
3100 2905
2414 3047
2252 174
1743 680
2713 705
472 1295
1333 3342
558 515
1121 2949
1739 2991
3116 1609
1664 1524
3348 1201
2688 2501
146 92
2472 1583
3302 2161
2102 1597
3105 691
414 1155
2757 2987
1284 980
1438 2684
1884 3177
3483 2594
3211 1520
2850 1865
2099 868
2858 2950
608 408
1006 3407
1614 2649
1181 4
2399 1253
2061 1128
2814 1429
1061 50
1064 42
2710 355
847 3210
3321 1465
2884 1881
1594 2175
3399 3382
1380 1494
438 2026
1285 68
480 378
1776 85
2906 2111
639 1207
2042 1718
1885 254
2746 3107
2277 3236
342 1735
1562 2741
3251 1920
3378 1120
2835 2825
622 1705
3195 2660
3059 672
2094 2120
3048 2190
751 544
2456 308
564 3247
143 1009
2773 2834
1879 3083
1522 683
1933 2036
3195 3318
280 287
2908 293
2107 506
2520 2698
929 2918
468 3075
1303 2940
2868 3251
13 2820
2195 2678
259 1150
384 959
804 2916
1457 2206
69 2606
2695 1481
648 538
1934 87
1760 1230
547 2035
82 2191
1145 1137
2896 1577
2049 2328
647 2628
430 1720
1001 222
1807 1951
1073 3389
3039 1949
1911 1460
1573 2754
2136 3132
2184 1444
2922 1685
1785 629
2254 292
3439 354
2846 183
608 2093
3393 1383
767 3388
2800 3362
3302 2065
1238 2118
2793 839
699 2179
1877 385
542 2290
2298 3398
1506 2783
443 2140
2748 3210
3151 1133
1424 922
2031 1456
35 3301
2237 1439
2498 2012
3098 2364
462 2043
2564 1648
1090 710
2816 678
753 366
1901 2202
816 2896
3266 1432
1802 2693
922 209
638 2394
2586 3023
3288 1328
2053 1081
347 2982
1227 88
3406 659
2352 854
3317 2058
126 1635
418 2010
702 1764
891 337
1377 2139
3216 3339
2566 2741
666 2062
1253 2228
1247 39
331 2989
359 548
1989 3310
1200 2537
218 775
723 1691
716 756
481 2709
2870 3158
3272 2560
1914 94
1455 2795
2154 946
1793 770
1715 1175
653 2723
3199 2171
2598 522
1691 3485
3205 3396
2723 1106
2806 3277
1632 2330
192 1890
1111 2631
3241 2949
2719 2357
1749 3215
1715 2983
2445 1626
1135 2242
741 1047
1987 755
2963 1535
492 892
2462 3216
64 1982
1574 2259
203 218
2387 809
1604 2749
3045 1389
1404 2101
771 281
329 752
2238 2086
2614 234
734 2249
2738 340
2910 1461
925 1882
3238 696
1358 603
381 1765
367 2359
3437 409
1007 3137
1074 3381
961 977
1971 2696
1827 411
2894 3192
2137 1582
2843 3447
1086 1733
3064 2796
2873 527
1716 2994
3421 761
846 2577
1017 2155
1025 1966
1208 1771
1292 1565
1076 788
2528 1317
3360 2329
636 1579
831 118
876 2469
1206 1893
792 252
1225 2586
1049 2733
2902 479
2948 2284
105 2099
3223 3465
131 3304
2622 1567
896 3275
79 784
214 2061
1963 1336
1832 2876
2798 210
2143 1236
2400 2442
76 3326
1338 950
2436 304
994 276
1820 3179
764 578
2030 1625
679 3125
1215 81
2851 902
1036 315
3109 734
1060 303
2131 3471
683 2558
3371 3000
1761 1470
2637 2281
558 465
2784 3411
253 369
286 2470
3308 120
2253 163
1291 2229
2522 3431
2498 2792
3228 2888
559 3319
552 1435
3113 1265
1026 3226
291 2446
2477 3337
2068 2742
1533 2291
35 1270
1598 3015
617 625
2204 2280
244 2346
1613 1434
978 2131
652 290
1774 272
2269 197
649 1543
3104 2297
752 1484
786 163
986 2210
3497 3440
2717 396
1947 2966
636 3397
2341 3299
1028 1232
2587 689
3318 952
2685 2363
2741 1905
1673 2507
2675 2518
3334 1287
140 675
257 3211
1858 1656
1360 29
1507 1511
3032 1678
1098 2278
3451 2405
2891 3404
2219 1522
1177 547
2370 1369
2212 442
203 858
282 2566
1918 2530
2403 2196
352 1162
1740 2522
1267 2694
701 3156
2019 2127
2210 3403
1678 2071
144 404
29 2832
1645 102
1640 2418
3379 3071
61 2271
1843 1498
871 1072
682 1617
3301 2114
2527 1477
3264 3037
2665 1576
2290 1817
3193 2500
9 2030
2444 2495
2402 2554
1473 1808
931 3117
548 52
1912 2211
727 2590
1675 1995
3346 1366
149 1650
2490 44
479 3020
750 2395
2489 2167
2883 2657
1929 708
467 196
1307 2609
1477 3228
3461 2517
390 1477
190 811
2986 2715
1356 149
899 1595
1909 634
2400 3403
2336 2977
1063 394
1562 3331
2275 419
570 2559
1883 2149
3396 493
1123 2298
1746 926
2186 1611
427 2404
389 351
1052 188
524 3315
634 3450
1919 2679
1304 2998
1192 3447
2755 422
1013 201
2194 1945
2662 651
3158 1478
2708 3281
2978 78
2941 369
505 1504
260 228
2926 1588
388 133
790 1338
84 3054
1997 2544
3207 2638
2790 3459
1087 601
1669 9
1765 1578
1897 1471
2811 60
101 192
1376 3357
2437 899
1563 1121
2433 1689
1181 2431
1770 3154
2160 2421
491 19
3269 1353
1250 639
1313 1094
758 263
1629 3416
2410 265
2848 1479
1399 3085
2636 562
1585 294
110 1802
878 617
2054 3148
3143 486
609 3116
2183 2035
1137 1005
3028 1557
209 2410
2549 942
2561 1878
2981 2662
2884 452
1154 1734
2976 2222
1093 338
1429 71
3372 1089
1516 151
401 194
503 3423
257 1564
3056 1607
1618 78
807 1665
3025 2908
1683 2549
2573 2481
835 1455
2638 2520
2441 1188
2676 1547
262 54
302 238
496 681
1106 1650
2862 1341
2841 1027
1796 1954
933 1065
2821 806
1142 1025
3128 2272
1839 3170
447 2756
2379 2512
3459 2732
1296 2612
2419 1828
2917 3309
2495 150
1394 1176
2931 3202
2673 2668
1937 138
2333 2894
1133 1845
2895 1145
809 97
2059 2744
757 996
563 269
930 299
473 997
1624 3284
2806 958
3479 416
3205 2097
2413 760
1778 2456
2466 1912
2460 245
415 3364
1205 2453
437 1765
1647 2598
3004 600
1108 1800
2946 1536
2306 2471
2879 1249
2313 152
2869 22
70 3478
1085 539
2093 3347
2505 3002
1263 2307
602 3253
1810 537
457 1587
3270 1319
2363 1989
2155 2591
2880 3068
2411 1605
1572 1721
2589 1909
1246 2179
829 948
980 990
3214 479
1716 21
3474 1914
2080 1774
1196 1308
216 1226
108 243
458 1921
1878 3439
786 531
281 2886
117 1236
453 3383
2465 3270
2994 1052
507 1832
2853 730
674 2664
1367 1874
3208 3395
3308 2893
1403 1149
1561 859
3192 37
983 3330
1127 2125
147 1883
615 275
2213 3272
323 827
2888 480
1170 3368
2500 1363
741 718
1833 3164
3181 965
243 309
51 1102
695 1642
586 734
133 1033
7 1723
1608 2468
2950 1284
1838 2728
3247 2381
210 2695
625 1271
47 3464
937 1278
876 1019
1516 103
1808 1598
2964 1596
2856 1172
241 2138
985 2689
2628 3389
1514 1360
1474 431
1016 2639
1696 3174
1925 3137
3176 1342
1432 863
888 79
2383 1045
3206 1026
3250 295
1852 2053
887 1639
3079 1199
1229 1953
1672 1746
1792 1939
1352 2241
2835 313
3015 887
1814 233
1885 1510
2368 2213
118 2256
1308 1114
543 544
2696 2993
1267 617
345 3495
177 3200
3077 836
386 2351
1148 3303
2763 2252
573 2128
3187 2424
1362 1991
123 2392
1655 45
313 3484
2198 3034
1172 2854
504 2069
958 2445
2346 478
3034 3372
1641 2977
1819 1695
1717 2965
1427 2051
3067 871
595 3216
775 1237
718 3298
1350 3058
2626 1258
3324 1630
3265 704
1501 2119
378 1559
791 3117
2072 401
1056 2535
1272 2845
3365 794
944 3343
952 1295
1768 1171
538 1235
1720 1772
870 2716
2435 1657
853 2640
1853 656
251 2152
2167 2371
1358 1335
240 2028
207 190
2418 2217
1664 3126
1217 2084
2358 3449
2256 2459
3201 777
1101 567
2053 1677
1920 2392
3469 128
104 148
629 1710
2872 18
3040 1267
3121 3011
1630 687
1192 1853
2276 1916
2072 130
3309 2985
3488 83
2141 1169
2820 3122
2480 1714
330 1672
2007 1529
2877 2550
79 740
1969 1474
1144 350
454 3053
3224 126
346 2791
319 2408
1864 768
940 296
234 1370
129 2306
238 1634
3253 356
3242 2944
2208 1436
434 88
2967 289
402 906
611 1088
1898 598
3312 2458
163 1089
1549 6
60 865
3127 974
2840 3218
3145 2787
1804 2000
2789 410
3249 185
3239 208
27 1629
1372 726
253 2948
1318 2309
587 3438
1702 1600
3436 2171
2324 109
2055 2208
1799 2270
2836 3114
2982 11
1196 484
2680 2751
815 235
233 2221
2465 3269
157 611
1004 1525
2179 1838
553 984
3280 2764
1794 2955
307 1482
821 948
2267 1734
1638 2391
645 2810
1471 574
902 2556
2690 802
705 1163
2376 1821
130 3190
374 2797
2093 2154
431 1036
3276 1812
2073 1850
1603 1558
345 71
1167 1858
912 2758
779 3428
2354 1641
317 2307
2992 2059
1354 1885
1202 729
1178 2261
1058 476
1037 3171
2694 2937
314 1368
3063 1820
1088 1935
1842 144
2244 1351
1326 2426
3034 2433
485 954
2541 1203
1863 1768
574 2895
2682 2119
1798 2764
535 2388
3421 2447
1938 2459
910 417
822 605
1582 430
2236 1799
1045 1475
1329 3420
2463 2225
2595 2011
2660 2842
2022 2869
2052 2924
3443 890
3015 356
1678 1709
2344 2455
159 668
2771 2658
1 3148
197 3401
2545 255
1608 1518
3076 1822
3153 2669
476 1376
1400 1259
331 1703
698 3244
2076 3184
1628 1162
234 3495
113 325
1754 1568
148 616
1456 822
2162 46
2801 466
1347 2810
2702 1716
2469 1645
585 139
3117 1660
3336 992
237 1434
2326 1208
122 2882
2115 1349
2885 822
2768 3341
3166 2730
2909 322
2255 2027
629 3061
2187 473
75 2053
3043 3013
604 124
2602 2100
39 3007
115 2478
2898 2709
2003 3444
1131 1421
3197 955
1459 889
2702 1575
2065 35
2160 177
1335 1548
1384 2973
565 992
927 2074
1635 2869
2860 2917
3271 1030
2318 1184
50 2990
10 1507
1143 1999
441 2589
654 2779
1164 1213
978 1982
641 221
