60 91 5 2
36 44
24 53
55 29
40 19
10 43
35 12
3 4
4 27
1 50
51 57
46 26
49 33
1 27
13 41
47 60
41 20
38 13
4 42
22 54
50 45
30 32
58 46
5 1
25 41
33 31
54 18
32 43
14 37
2 35
25 19
19 20
53 49
27 30
46 36
56 36
29 21
12 44
18 60
11 48
42 16
21 39
52 55
22 10
60 40
37 11
17 13
60 25
13 58
23 38
5 4
58 56
48 35
37 59
38 11
59 48
48 56
54 47
28 14
44 34
3 39
20 26
8 16
36 15
49 1
41 46
59 2
52 24
26 15
57 18
9 8
47 6
28 23
23 17
6 40
39 42
43 6
11 58
31 51
31 45
21 9
18 17
7 3
39 8
10 47
45 54
33 50
7 5
30 10
29 3
51 28
45 57
